x             rho           u             mdot          tau           T             H2            O2            H2O           H             O             OH            HO2           H2O2          AR            sumfracs      
0.000000e+00  1.835294e-02  2.925963e+00  5.370000e-02  0.000000e+00  1.500000e+03  2.800000e-01  9.000000e-02  0.000000e+00  0.000000e+00  0.000000e+00  0.000000e+00  0.000000e+00  0.000000e+00  6.300000e-01  1.000000e+00  
6.456901e-12  1.835294e-02  2.925963e+00  5.370000e-02  2.206761e-12  1.500000e+03  2.800000e-01  9.000000e-02  2.450697e-19  1.791754e-14  3.517825e-20  1.325575e-13  1.791385e-14  4.284403e-24  6.300000e-01  1.000000e+00  
6.457547e-08  1.835294e-02  2.925963e+00  5.370000e-02  2.206982e-08  1.500000e+03  2.800000e-01  9.000000e-02  2.406676e-11  2.031269e-10  1.333665e-13  1.301764e-09  1.791557e-10  4.281941e-16  6.300000e-01  1.000000e+00  
5.903878e-07  1.835294e-02  2.925963e+00  5.370000e-02  2.017756e-07  1.500000e+03  2.800000e-01  8.999999e-02  1.187784e-09  2.815832e-09  1.025575e-11  1.094348e-08  1.637932e-09  2.277498e-14  6.300000e-01  1.000000e+00  
1.116200e-06  1.835294e-02  2.925963e+00  5.370000e-02  3.814813e-07  1.500000e+03  2.800000e-01  8.999999e-02  3.525640e-09  6.587368e-09  3.609681e-11  1.942776e-08  3.096694e-09  7.017708e-14  6.300000e-01  1.000000e+00  
1.642012e-06  1.835294e-02  2.925963e+00  5.370000e-02  5.611871e-07  1.500000e+03  2.800000e-01  8.999998e-02  6.995362e-09  1.146954e-08  8.321473e-11  2.680538e-08  4.555459e-09  1.446015e-13  6.300000e-01  1.000000e+00  
2.619883e-06  1.835294e-02  2.925963e+00  5.370000e-02  8.953918e-07  1.500000e+03  2.799999e-01  8.999997e-02  1.595832e-08  2.298365e-08  2.458209e-10  3.811022e-08  7.268438e-09  3.566399e-13  6.300000e-01  1.000000e+00  
3.597753e-06  1.835294e-02  2.925963e+00  5.370000e-02  1.229596e-06  1.500000e+03  2.799999e-01  8.999995e-02  2.768203e-08  3.714857e-08  5.180426e-10  4.680198e-08  9.981552e-09  6.638603e-13  6.300000e-01  1.000000e+00  
5.068616e-06  1.835294e-02  2.925963e+00  5.370000e-02  1.732290e-06  1.500000e+03  2.799999e-01  8.999993e-02  4.936680e-08  6.227635e-08  1.158426e-09  5.616937e-08  1.406288e-08  1.303877e-12  6.300000e-01  1.000000e+00  
6.539479e-06  1.835294e-02  2.925963e+00  5.370000e-02  2.234984e-06  1.500000e+03  2.799998e-01  8.999991e-02  7.454218e-08  9.059611e-08  2.096664e-09  6.253906e-08  1.814480e-08  2.155137e-12  6.300000e-01  1.000000e+00  
8.010342e-06  1.835294e-02  2.925963e+00  5.370000e-02  2.737677e-06  1.500000e+03  2.799998e-01  8.999989e-02  1.020236e-07  1.209142e-07  3.338466e-09  6.717552e-08  2.222741e-08  3.214360e-12  6.300000e-01  1.000000e+00  
9.481204e-06  1.835294e-02  2.925963e+00  5.370000e-02  3.240371e-06  1.500000e+03  2.799997e-01  8.999987e-02  1.311508e-07  1.525822e-07  4.872611e-09  7.080538e-08  2.631078e-08  4.478275e-12  6.300000e-01  1.000000e+00  
1.095207e-05  1.835294e-02  2.925963e+00  5.370000e-02  3.743065e-06  1.500000e+03  2.799997e-01  8.999985e-02  1.616099e-07  1.853082e-07  6.680102e-09  7.379827e-08  3.039495e-08  5.943798e-12  6.300000e-01  1.000000e+00  
1.242293e-05  1.835294e-02  2.925963e+00  5.370000e-02  4.245758e-06  1.500000e+03  2.799996e-01  8.999983e-02  1.932288e-07  2.189412e-07  8.741115e-09  7.637546e-08  3.447997e-08  7.607963e-12  6.300000e-01  1.000000e+00  
1.389379e-05  1.835294e-02  2.925963e+00  5.370000e-02  4.748452e-06  1.500000e+03  2.799996e-01  8.999980e-02  2.258862e-07  2.533780e-07  1.103729e-08  7.870146e-08  3.856584e-08  9.467846e-12  6.300000e-01  1.000000e+00  
1.644660e-05  1.835294e-02  2.925963e+00  5.370000e-02  5.620918e-06  1.500000e+03  2.799995e-01  8.999976e-02  2.848388e-07  3.149073e-07  1.553340e-08  8.244429e-08  4.565930e-08  1.315190e-11  6.300000e-01  1.000000e+00  
1.899940e-05  1.835294e-02  2.925963e+00  5.370000e-02  6.493384e-06  1.500000e+03  2.799994e-01  8.999972e-02  3.465158e-07  3.785777e-07  2.061105e-08  8.613886e-08  5.275546e-08  1.740187e-11  6.300000e-01  1.000000e+00  
2.155220e-05  1.835294e-02  2.925963e+00  5.370000e-02  7.365850e-06  1.500000e+03  2.799993e-01  8.999968e-02  4.109153e-07  4.444514e-07  2.620564e-08  8.996737e-08  5.985441e-08  2.220323e-11  6.300000e-01  1.000000e+00  
2.410500e-05  1.835294e-02  2.925963e+00  5.370000e-02  8.238315e-06  1.500000e+03  2.799992e-01  8.999963e-02  4.781533e-07  5.126923e-07  3.226823e-08  9.398394e-08  6.695624e-08  2.754185e-11  6.300000e-01  1.000000e+00  
2.665780e-05  1.835294e-02  2.925963e+00  5.370000e-02  9.110781e-06  1.500000e+03  2.799991e-01  8.999958e-02  5.483832e-07  5.834873e-07  3.876394e-08  9.819880e-08  7.406103e-08  3.340396e-11  6.300000e-01  1.000000e+00  
3.138936e-05  1.835294e-02  2.925963e+00  5.370000e-02  1.072788e-05  1.500000e+03  2.799989e-01  8.999949e-02  6.869919e-07  7.220659e-07  5.188647e-08  1.065438e-07  8.723776e-08  4.560895e-11  6.300000e-01  1.000000e+00  
4.006606e-05  1.835294e-02  2.925963e+00  5.370000e-02  1.369329e-05  1.500000e+03  2.799984e-01  8.999930e-02  9.725587e-07  1.004287e-06  7.949365e-08  1.237513e-07  1.114308e-07  7.228078e-11  6.300000e-01  1.000000e+00  
4.874275e-05  1.835294e-02  2.925963e+00  5.370000e-02  1.665871e-05  1.500000e+03  2.799979e-01  8.999908e-02  1.304466e-06  1.328072e-06  1.116592e-07  1.438160e-07  1.356661e-07  1.041074e-10  6.300000e-01  1.000000e+00  
5.741944e-05  1.835294e-02  2.925963e+00  5.370000e-02  1.962412e-05  1.500000e+03  2.799973e-01  8.999884e-02  1.689851e-06  1.700576e-06  1.487764e-07  1.668462e-07  1.599487e-07  1.406569e-10  6.300000e-01  1.000000e+00  
6.609613e-05  1.835294e-02  2.925963e+00  5.370000e-02  2.258953e-05  1.500000e+03  2.799966e-01  8.999855e-02  2.136868e-06  2.128965e-06  1.915311e-07  1.934315e-07  1.842845e-07  1.815391e-10  6.300000e-01  1.000000e+00  
7.477282e-05  1.835294e-02  2.925963e+00  5.370000e-02  2.555495e-05  1.500000e+03  2.799958e-01  8.999823e-02  2.654883e-06  2.621578e-06  2.407593e-07  2.240582e-07  2.086793e-07  2.264002e-10  6.300000e-01  1.000000e+00  
8.344951e-05  1.835294e-02  2.925963e+00  5.370000e-02  2.852036e-05  1.500000e+03  2.799949e-01  8.999786e-02  3.254608e-06  3.188173e-06  2.974205e-07  2.592858e-07  2.331398e-07  2.749196e-10  6.300000e-01  1.000000e+00  
9.212620e-05  1.835294e-02  2.925962e+00  5.370000e-02  3.148578e-05  1.500000e+03  2.799939e-01  8.999744e-02  3.948397e-06  3.839940e-06  3.626179e-07  2.998566e-07  2.576729e-07  3.268063e-10  6.300000e-01  1.000000e+00  
1.008029e-04  1.835294e-02  2.925962e+00  5.370000e-02  3.445119e-05  1.500000e+03  2.799926e-01  8.999695e-02  4.750317e-06  4.589848e-06  4.376302e-07  3.464454e-07  2.822857e-07  3.817967e-10  6.300000e-01  1.000000e+00  
1.094796e-04  1.835294e-02  2.925962e+00  5.370000e-02  3.741661e-05  1.500000e+03  2.799912e-01  8.999639e-02  5.676576e-06  5.452598e-06  5.239321e-07  4.000456e-07  3.069856e-07  4.396522e-10  6.300000e-01  1.000000e+00  
1.181563e-04  1.835294e-02  2.925962e+00  5.370000e-02  4.038202e-05  1.500000e+03  2.799896e-01  8.999575e-02  6.745892e-06  6.445135e-06  6.232203e-07  4.617384e-07  3.317803e-07  5.001572e-10  6.300000e-01  1.000000e+00  
1.268330e-04  1.835294e-02  2.925962e+00  5.370000e-02  4.334744e-05  1.500000e+03  2.799878e-01  8.999502e-02  7.979832e-06  7.586997e-06  7.374470e-07  5.327319e-07  3.566775e-07  5.631172e-10  6.300000e-01  1.000000e+00  
1.355097e-04  1.835294e-02  2.925962e+00  5.370000e-02  4.631285e-05  1.500000e+03  2.799857e-01  8.999417e-02  9.403200e-06  8.900667e-06  8.688593e-07  6.144151e-07  3.816847e-07  6.283567e-10  6.300000e-01  1.000000e+00  
1.441864e-04  1.835294e-02  2.925962e+00  5.370000e-02  4.927826e-05  1.500000e+03  2.799832e-01  8.999320e-02  1.104452e-05  1.041200e-05  1.020043e-06  7.083943e-07  4.068091e-07  6.957180e-10  6.300000e-01  1.000000e+00  
1.528630e-04  1.835294e-02  2.925962e+00  5.370000e-02  5.224368e-05  1.500000e+03  2.799804e-01  8.999209e-02  1.293658e-05  1.215072e-05  1.193973e-06  8.165209e-07  4.320573e-07  7.650591e-10  6.300000e-01  1.000000e+00  
1.581667e-04  1.835294e-02  2.925962e+00  5.370000e-02  5.405629e-05  1.500000e+03  2.799784e-01  8.999133e-02  1.423216e-05  1.333941e-05  1.312888e-06  8.905782e-07  4.475539e-07  8.083623e-10  6.300000e-01  1.000000e+00  
1.634703e-04  1.835294e-02  2.925962e+00  5.370000e-02  5.586891e-05  1.500000e+03  2.799763e-01  8.999051e-02  1.564497e-05  1.463431e-05  1.442422e-06  9.712123e-07  4.631001e-07  8.523302e-10  6.300000e-01  1.000000e+00  
1.687740e-04  1.835294e-02  2.925962e+00  5.370000e-02  5.768152e-05  1.500000e+03  2.799740e-01  8.998961e-02  1.718557e-05  1.604503e-05  1.583535e-06  1.059003e-06  4.786964e-07  8.969380e-10  6.300000e-01  1.000000e+00  
1.740776e-04  1.835294e-02  2.925962e+00  5.370000e-02  5.949414e-05  1.500000e+03  2.799715e-01  8.998863e-02  1.886535e-05  1.758192e-05  1.737267e-06  1.154619e-06  4.943434e-07  9.421621e-10  6.300000e-01  1.000000e+00  
1.793813e-04  1.835294e-02  2.925962e+00  5.370000e-02  6.130675e-05  1.500000e+03  2.799688e-01  8.998756e-02  2.069673e-05  1.925622e-05  1.904746e-06  1.258784e-06  5.100410e-07  9.879802e-10  6.300000e-01  1.000000e+00  
1.846849e-04  1.835294e-02  2.925962e+00  5.370000e-02  6.311937e-05  1.500000e+03  2.799658e-01  8.998640e-02  2.269324e-05  2.108021e-05  2.087199e-06  1.372271e-06  5.257891e-07  1.034371e-09  6.300000e-01  1.000000e+00  
1.899885e-04  1.835294e-02  2.925962e+00  5.370000e-02  6.493198e-05  1.500000e+03  2.799626e-01  8.998513e-02  2.486966e-05  2.306726e-05  2.285964e-06  1.495913e-06  5.415868e-07  1.081314e-09  6.300000e-01  1.000000e+00  
1.952922e-04  1.835294e-02  2.925962e+00  5.370000e-02  6.674460e-05  1.500000e+03  2.799591e-01  8.998375e-02  2.724208e-05  2.523196e-05  2.502498e-06  1.630617e-06  5.574326e-07  1.128791e-09  6.300000e-01  1.000000e+00  
2.005958e-04  1.835294e-02  2.925962e+00  5.370000e-02  6.855721e-05  1.500000e+03  2.799552e-01  8.998225e-02  2.982802e-05  2.759018e-05  2.738389e-06  1.777370e-06  5.733245e-07  1.176783e-09  6.300000e-01  1.000000e+00  
2.058995e-04  1.835294e-02  2.925962e+00  5.370000e-02  7.036983e-05  1.500000e+03  2.799510e-01  8.998062e-02  3.264659e-05  3.015922e-05  2.995366e-06  1.937249e-06  5.892595e-07  1.225271e-09  6.300000e-01  1.000000e+00  
2.112031e-04  1.835294e-02  2.925962e+00  5.370000e-02  7.218244e-05  1.500000e+03  2.799465e-01  8.997884e-02  3.571861e-05  3.295788e-05  3.275314e-06  2.111475e-06  6.052338e-07  1.274239e-09  6.300000e-01  1.000000e+00  
2.165068e-04  1.835294e-02  2.925962e+00  5.370000e-02  7.399505e-05  1.500000e+03  2.799415e-01  8.997690e-02  3.906672e-05  3.600677e-05  3.580285e-06  2.301226e-06  6.212424e-07  1.323669e-09  6.300000e-01  1.000000e+00  
2.218104e-04  1.835294e-02  2.925962e+00  5.370000e-02  7.580767e-05  1.500000e+03  2.799361e-01  8.997480e-02  4.271556e-05  3.932821e-05  3.912516e-06  2.507933e-06  6.372794e-07  1.373544e-09  6.300000e-01  1.000000e+00  
2.271140e-04  1.835294e-02  2.925962e+00  5.370000e-02  7.762028e-05  1.500000e+03  2.799302e-01  8.997250e-02  4.669200e-05  4.294652e-05  4.274442e-06  2.733137e-06  6.533371e-07  1.423845e-09  6.300000e-01  1.000000e+00  
2.324177e-04  1.835294e-02  2.925962e+00  5.370000e-02  7.943290e-05  1.500000e+03  2.799237e-01  8.997000e-02  5.102534e-05  4.688822e-05  4.668716e-06  2.978494e-06  6.694067e-07  1.474554e-09  6.300000e-01  1.000000e+00  
2.377213e-04  1.835294e-02  2.925962e+00  5.370000e-02  8.124551e-05  1.500000e+03  2.799167e-01  8.996727e-02  5.574748e-05  5.118222e-05  5.098225e-06  3.245797e-06  6.854773e-07  1.525653e-09  6.300000e-01  1.000000e+00  
2.430250e-04  1.835294e-02  2.925962e+00  5.370000e-02  8.305813e-05  1.500000e+03  2.799091e-01  8.996430e-02  6.089316e-05  5.585997e-05  5.566117e-06  3.537001e-06  7.015365e-07  1.577122e-09  6.300001e-01  1.000000e+00  
2.483286e-04  1.835294e-02  2.925962e+00  5.370000e-02  8.487074e-05  1.500000e+03  2.799008e-01  8.996107e-02  6.650023e-05  6.095576e-05  6.075819e-06  3.854241e-06  7.175692e-07  1.628938e-09  6.300001e-01  1.000000e+00  
2.536323e-04  1.835294e-02  2.925962e+00  5.370000e-02  8.668336e-05  1.500000e+03  2.798917e-01  8.995755e-02  7.260989e-05  6.650690e-05  6.631063e-06  4.199843e-06  7.335585e-07  1.681078e-09  6.300001e-01  1.000000e+00  
2.589359e-04  1.835294e-02  2.925962e+00  5.370000e-02  8.849597e-05  1.500000e+03  2.798818e-01  8.995372e-02  7.926704e-05  7.255404e-05  7.235916e-06  4.576340e-06  7.494845e-07  1.733519e-09  6.300001e-01  1.000000e+00  
2.642395e-04  1.835294e-02  2.925962e+00  5.370000e-02  9.030859e-05  1.500000e+03  2.798711e-01  8.994954e-02  8.652063e-05  7.914138e-05  7.894802e-06  4.986598e-06  7.653247e-07  1.786231e-09  6.300001e-01  1.000000e+00  
2.695432e-04  1.835294e-02  2.925962e+00  5.370000e-02  9.212120e-05  1.500000e+03  2.798594e-01  8.994499e-02  9.442397e-05  8.631723e-05  8.612543e-06  5.433511e-06  7.810532e-07  1.839185e-09  6.300001e-01  1.000000e+00  
2.748468e-04  1.835294e-02  2.925962e+00  5.370000e-02  9.393382e-05  1.500000e+03  2.798466e-01  8.994004e-02  1.030350e-04  9.413412e-05  9.394391e-06  5.920303e-06  7.966411e-07  1.892347e-09  6.300001e-01  1.000000e+00  
2.801505e-04  1.835294e-02  2.925962e+00  5.370000e-02  9.574643e-05  1.500000e+03  2.798327e-01  8.993464e-02  1.124168e-04  1.026492e-04  1.024607e-05  6.450556e-06  8.120556e-07  1.945680e-09  6.300001e-01  1.000000e+00  
2.854541e-04  1.835294e-02  2.925962e+00  5.370000e-02  9.755905e-05  1.500000e+03  2.798175e-01  8.992876e-02  1.226382e-04  1.119248e-04  1.117379e-05  7.028175e-06  8.272604e-07  1.999145e-09  6.300001e-01  1.000000e+00  
2.907577e-04  1.835294e-02  2.925962e+00  5.370000e-02  9.937166e-05  1.500000e+03  2.798010e-01  8.992236e-02  1.337739e-04  1.220285e-04  1.218435e-05  7.657391e-06  8.422151e-07  2.052695e-09  6.300001e-01  1.000000e+00  
2.960614e-04  1.835294e-02  2.925962e+00  5.370000e-02  1.011843e-04  1.500000e+03  2.797830e-01  8.991539e-02  1.459055e-04  1.330343e-04  1.328512e-05  8.342804e-06  8.568750e-07  2.106282e-09  6.300001e-01  1.000000e+00  
3.013650e-04  1.835294e-02  2.925962e+00  5.370000e-02  1.029969e-04  1.500000e+03  2.797635e-01  8.990780e-02  1.591217e-04  1.450225e-04  1.448413e-05  9.089414e-06  8.711916e-07  2.159851e-09  6.300002e-01  1.000000e+00  
3.066687e-04  1.835294e-02  2.925962e+00  5.370000e-02  1.048095e-04  1.500000e+03  2.797421e-01  8.989953e-02  1.735191e-04  1.580805e-04  1.579014e-05  9.902669e-06  8.851118e-07  2.213342e-09  6.300002e-01  1.000000e+00  
3.100274e-04  1.835294e-02  2.925962e+00  5.370000e-02  1.059574e-04  1.500000e+03  2.797276e-01  8.989391e-02  1.832943e-04  1.669456e-04  1.667677e-05  1.045479e-05  8.936971e-07  2.247150e-09  6.300002e-01  1.000000e+00  
3.133862e-04  1.835294e-02  2.925962e+00  5.370000e-02  1.071053e-04  1.500000e+03  2.797124e-01  8.988799e-02  1.936136e-04  1.763033e-04  1.761268e-05  1.103760e-05  9.020853e-07  2.280883e-09  6.300002e-01  1.000000e+00  
3.167449e-04  1.835294e-02  2.925962e+00  5.370000e-02  1.082533e-04  1.500000e+03  2.796962e-01  8.988173e-02  2.045073e-04  1.861813e-04  1.860061e-05  1.165282e-05  9.102605e-07  2.314523e-09  6.300002e-01  1.000000e+00  
3.221882e-04  1.835294e-02  2.925961e+00  5.370000e-02  1.101136e-04  1.500000e+03  2.796681e-01  8.987085e-02  2.234643e-04  2.033695e-04  2.031964e-05  1.272332e-05  9.230145e-07  2.368795e-09  6.300002e-01  1.000000e+00  
3.276314e-04  1.835294e-02  2.925961e+00  5.370000e-02  1.119739e-04  1.500000e+03  2.796375e-01  8.985897e-02  2.441600e-04  2.221322e-04  2.219613e-05  1.389190e-05  9.350928e-07  2.422686e-09  6.300002e-01  1.000000e+00  
3.330747e-04  1.835294e-02  2.925961e+00  5.370000e-02  1.138342e-04  1.500000e+03  2.796040e-01  8.984600e-02  2.667522e-04  2.426126e-04  2.424438e-05  1.516745e-05  9.464201e-07  2.476107e-09  6.300003e-01  1.000000e+00  
3.385179e-04  1.835294e-02  2.925961e+00  5.370000e-02  1.156946e-04  1.500000e+03  2.795675e-01  8.983185e-02  2.914140e-04  2.649673e-04  2.648004e-05  1.655972e-05  9.569194e-07  2.528963e-09  6.300003e-01  1.000000e+00  
3.439612e-04  1.835294e-02  2.925961e+00  5.370000e-02  1.175549e-04  1.500000e+03  2.795276e-01  8.981641e-02  3.183341e-04  2.893673e-04  2.892023e-05  1.807934e-05  9.665131e-07  2.581156e-09  6.300003e-01  1.000000e+00  
3.494044e-04  1.835295e-02  2.925961e+00  5.370000e-02  1.194152e-04  1.500000e+03  2.794841e-01  8.979955e-02  3.477185e-04  3.159991e-04  3.158357e-05  1.973791e-05  9.751252e-07  2.632587e-09  6.300004e-01  1.000000e+00  
3.548477e-04  1.835295e-02  2.925961e+00  5.370000e-02  1.212756e-04  1.500000e+03  2.794366e-01  8.978115e-02  3.797915e-04  3.450658e-04  3.449038e-05  2.154807e-05  9.826831e-07  2.683162e-09  6.300004e-01  1.000000e+00  
3.602910e-04  1.835295e-02  2.925961e+00  5.370000e-02  1.231359e-04  1.500000e+03  2.793847e-01  8.976107e-02  4.147972e-04  3.767887e-04  3.766275e-05  2.352355e-05  9.891197e-07  2.732787e-09  6.300004e-01  1.000000e+00  
3.657342e-04  1.835295e-02  2.925960e+00  5.370000e-02  1.249962e-04  1.500000e+03  2.793282e-01  8.973916e-02  4.530020e-04  4.114088e-04  4.112481e-05  2.567935e-05  9.943763e-07  2.781380e-09  6.300005e-01  1.000000e+00  
3.746529e-04  1.835295e-02  2.925960e+00  5.370000e-02  1.280443e-04  1.500000e+03  2.792241e-01  8.969886e-02  5.232870e-04  4.750954e-04  4.749340e-05  2.964483e-05  1.000319e-06  2.858592e-09  6.300005e-01  1.000000e+00  
3.835716e-04  1.835295e-02  2.925960e+00  5.370000e-02  1.310925e-04  1.500000e+03  2.791040e-01  8.965236e-02  6.043806e-04  5.485716e-04  5.484068e-05  3.421934e-05  1.002847e-06  2.932668e-09  6.300006e-01  1.000000e+00  
3.924903e-04  1.835296e-02  2.925959e+00  5.370000e-02  1.341406e-04  1.500000e+03  2.789655e-01  8.959873e-02  6.979254e-04  6.333254e-04  6.331534e-05  3.949527e-05  1.001969e-06  3.003632e-09  6.300007e-01  1.000000e+00  
4.014090e-04  1.835296e-02  2.925959e+00  5.370000e-02  1.371887e-04  1.500000e+03  2.788057e-01  8.953688e-02  8.058083e-04  7.310666e-04  7.308821e-05  4.557873e-05  9.978518e-07  3.071830e-09  6.300008e-01  1.000000e+00  
4.103277e-04  1.835296e-02  2.925958e+00  5.370000e-02  1.402369e-04  1.500000e+03  2.786216e-01  8.946557e-02  9.301976e-04  8.437598e-04  8.435550e-05  5.259164e-05  9.908482e-07  3.138061e-09  6.300010e-01  1.000000e+00  
4.192464e-04  1.835297e-02  2.925957e+00  5.370000e-02  1.432850e-04  1.500000e+03  2.784093e-01  8.938337e-02  1.073581e-03  9.736589e-04  9.734230e-05  6.067382e-05  9.814896e-07  3.203721e-09  6.300011e-01  1.000000e+00  
4.281651e-04  1.835297e-02  2.925956e+00  5.370000e-02  1.463331e-04  1.500000e+03  2.781646e-01  8.928866e-02  1.238807e-03  1.123346e-03  1.123064e-04  6.998539e-05  9.704625e-07  3.270969e-09  6.300013e-01  1.000000e+00  
4.370838e-04  1.835298e-02  2.925956e+00  5.370000e-02  1.493813e-04  1.500000e+03  2.778828e-01  8.917956e-02  1.429135e-03  1.295773e-03  1.295424e-04  8.070946e-05  9.585471e-07  3.342929e-09  6.300015e-01  1.000000e+00  
4.460026e-04  1.835299e-02  2.925954e+00  5.370000e-02  1.524294e-04  1.500000e+03  2.775583e-01  8.905393e-02  1.648289e-03  1.494316e-03  1.493869e-04  9.305518e-05  9.465419e-07  3.423916e-09  6.300017e-01  1.000000e+00  
4.549213e-04  1.835299e-02  2.925953e+00  5.370000e-02  1.554775e-04  1.500000e+03  2.771849e-01  8.890935e-02  1.900516e-03  1.722823e-03  1.722238e-04  1.072610e-04  9.351651e-07  3.519711e-09  6.300020e-01  1.000000e+00  
4.638400e-04  1.835300e-02  2.925952e+00  5.370000e-02  1.585257e-04  1.500000e+03  2.767553e-01  8.874303e-02  2.190654e-03  1.985675e-03  1.984896e-04  1.235983e-04  9.249859e-07  3.637895e-09  6.300023e-01  1.000000e+00  
4.727587e-04  1.835301e-02  2.925950e+00  5.370000e-02  1.615738e-04  1.500000e+03  2.762614e-01  8.855184e-02  2.524195e-03  2.287850e-03  2.286802e-04  1.423749e-04  9.163391e-07  3.788283e-09  6.300027e-01  1.000000e+00  
4.816774e-04  1.835303e-02  2.925948e+00  5.370000e-02  1.646220e-04  1.500000e+03  2.756941e-01  8.833220e-02  2.907366e-03  2.634986e-03  2.633566e-04  1.639393e-04  9.093816e-07  3.983516e-09  6.300031e-01  1.000000e+00  
4.905961e-04  1.835304e-02  2.925946e+00  5.370000e-02  1.676701e-04  1.500000e+03  2.750429e-01  8.808009e-02  3.347194e-03  3.033451e-03  3.031519e-04  1.886843e-04  9.039503e-07  4.239836e-09  6.300036e-01  1.000000e+00  
4.995148e-04  1.835306e-02  2.925943e+00  5.370000e-02  1.707182e-04  1.500000e+03  2.742961e-01  8.779098e-02  3.851591e-03  3.490410e-03  3.487780e-04  2.170510e-04  9.001529e-07  4.578173e-09  6.300042e-01  1.000000e+00  
5.084335e-04  1.835308e-02  2.925940e+00  5.370000e-02  1.737664e-04  1.500000e+03  2.734406e-01  8.745979e-02  4.429424e-03  4.013893e-03  4.010317e-04  2.495343e-04  8.967027e-07  5.025369e-09  6.300049e-01  1.000000e+00  
5.147683e-04  1.835309e-02  2.925938e+00  5.370000e-02  1.759315e-04  1.500000e+03  2.727589e-01  8.719591e-02  4.889840e-03  4.430999e-03  4.426554e-04  2.754052e-04  8.948891e-07  5.427707e-09  6.300054e-01  1.000000e+00  
5.193913e-04  1.835310e-02  2.925936e+00  5.370000e-02  1.775115e-04  1.500000e+03  2.722189e-01  8.698688e-02  5.254572e-03  4.761421e-03  4.756216e-04  2.958919e-04  8.946209e-07  5.775662e-09  6.300058e-01  1.000000e+00  
5.240144e-04  1.835312e-02  2.925933e+00  5.370000e-02  1.790915e-04  1.500000e+03  2.716404e-01  8.676294e-02  5.645335e-03  5.115422e-03  5.109331e-04  3.178346e-04  8.945364e-07  6.177301e-09  6.300063e-01  1.000000e+00  
5.286374e-04  1.835313e-02  2.925931e+00  5.370000e-02  1.806715e-04  1.500000e+03  2.710208e-01  8.652312e-02  6.063808e-03  5.494523e-03  5.487403e-04  3.413259e-04  8.942770e-07  6.640556e-09  6.300068e-01  1.000000e+00  
5.332604e-04  1.835315e-02  2.925929e+00  5.370000e-02  1.822515e-04  1.500000e+03  2.703576e-01  8.626643e-02  6.511754e-03  5.900320e-03  5.892002e-04  3.664622e-04  8.939384e-07  7.174377e-09  6.300073e-01  1.000000e+00  
5.378834e-04  1.835316e-02  2.925926e+00  5.370000e-02  1.838315e-04  1.500000e+03  2.696481e-01  8.599180e-02  6.991014e-03  6.334481e-03  6.324771e-04  3.933446e-04  8.938390e-07  7.788969e-09  6.300079e-01  1.000000e+00  
5.425065e-04  1.835318e-02  2.925923e+00  5.370000e-02  1.854116e-04  1.500000e+03  2.688894e-01  8.569814e-02  7.503509e-03  6.798745e-03  6.787421e-04  4.220791e-04  8.940384e-07  8.495977e-09  6.300085e-01  1.000000e+00  
5.471295e-04  1.835320e-02  2.925920e+00  5.370000e-02  1.869916e-04  1.500000e+03  2.680785e-01  8.538431e-02  8.051239e-03  7.294923e-03  7.281729e-04  4.527753e-04  8.944560e-07  9.308596e-09  6.300092e-01  1.000000e+00  
5.517525e-04  1.835322e-02  2.925917e+00  5.370000e-02  1.885716e-04  1.500000e+03  2.672124e-01  8.504911e-02  8.636278e-03  7.824893e-03  7.809532e-04  4.855466e-04  8.948437e-07  1.024168e-08  6.300099e-01  1.000000e+00  
5.563756e-04  1.835325e-02  2.925913e+00  5.370000e-02  1.901516e-04  1.500000e+03  2.662880e-01  8.469133e-02  9.260771e-03  8.390595e-03  8.372729e-04  5.205091e-04  8.953194e-07  1.131196e-08  6.300107e-01  1.000000e+00  
5.609986e-04  1.835327e-02  2.925909e+00  5.370000e-02  1.917317e-04  1.500000e+03  2.653018e-01  8.430971e-02  9.926925e-03  8.994028e-03  8.973267e-04  5.577831e-04  8.956621e-07  1.253825e-08  6.300115e-01  1.000000e+00  
5.656216e-04  1.835330e-02  2.925905e+00  5.370000e-02  1.933117e-04  1.500000e+03  2.642507e-01  8.390295e-02  1.063700e-02  9.637244e-03  9.613141e-04  5.974902e-04  8.966515e-07  1.394172e-08  6.300124e-01  1.000000e+00  
5.702446e-04  1.835332e-02  2.925900e+00  5.370000e-02  1.948917e-04  1.500000e+03  2.631311e-01  8.346974e-02  1.139332e-02  1.032233e-02  1.029438e-03  6.397560e-04  8.975817e-07  1.554609e-08  6.300134e-01  1.000000e+00  
5.736190e-04  1.835335e-02  2.925897e+00  5.370000e-02  1.960450e-04  1.500000e+03  2.622687e-01  8.313605e-02  1.197591e-02  1.085004e-02  1.081891e-03  6.722940e-04  8.976910e-07  1.685900e-08  6.300141e-01  1.000000e+00  
5.769934e-04  1.835337e-02  2.925893e+00  5.370000e-02  1.971983e-04  1.500000e+03  2.613667e-01  8.278704e-02  1.258530e-02  1.140203e-02  1.136738e-03  7.063100e-04  8.981844e-07  1.830419e-08  6.300150e-01  1.000000e+00  
5.803678e-04  1.835340e-02  2.925889e+00  5.370000e-02  1.983516e-04  1.500000e+03  2.604236e-01  8.242216e-02  1.322243e-02  1.197914e-02  1.194058e-03  7.418533e-04  8.993232e-07  1.989387e-08  6.300158e-01  1.000000e+00  
5.837422e-04  1.835342e-02  2.925885e+00  5.370000e-02  1.995049e-04  1.500000e+03  2.594382e-01  8.204090e-02  1.388822e-02  1.258219e-02  1.253932e-03  7.789746e-04  9.000733e-07  2.164118e-08  6.300167e-01  1.000000e+00  
5.871165e-04  1.835345e-02  2.925880e+00  5.370000e-02  2.006582e-04  1.500000e+03  2.584089e-01  8.164272e-02  1.458359e-02  1.321203e-02  1.316439e-03  8.177213e-04  9.005069e-07  2.356020e-08  6.300177e-01  1.000000e+00  
5.904909e-04  1.835348e-02  2.925876e+00  5.370000e-02  2.018114e-04  1.500000e+03  2.573345e-01  8.122711e-02  1.530946e-02  1.386949e-02  1.381657e-03  8.581403e-04  9.008992e-07  2.566602e-08  6.300187e-01  1.000000e+00  
5.938653e-04  1.835351e-02  2.925871e+00  5.370000e-02  2.029647e-04  1.500000e+03  2.562137e-01  8.079355e-02  1.606673e-02  1.455538e-02  1.449663e-03  9.002780e-04  9.014771e-07  2.797486e-08  6.300197e-01  1.000000e+00  
5.972397e-04  1.835354e-02  2.925866e+00  5.370000e-02  2.041180e-04  1.500000e+03  2.550452e-01  8.034154e-02  1.685629e-02  1.527050e-02  1.520532e-03  9.441802e-04  9.023821e-07  3.050409e-08  6.300209e-01  1.000000e+00  
6.006141e-04  1.835358e-02  2.925860e+00  5.370000e-02  2.052713e-04  1.500000e+03  2.538276e-01  7.987060e-02  1.767900e-02  1.601563e-02  1.594336e-03  9.898912e-04  9.030372e-07  3.327222e-08  6.300221e-01  1.000000e+00  
6.039885e-04  1.835361e-02  2.925854e+00  5.370000e-02  2.064246e-04  1.500000e+03  2.525597e-01  7.938024e-02  1.853569e-02  1.679152e-02  1.671143e-03  1.037452e-03  9.038411e-07  3.629890e-08  6.300233e-01  1.000000e+00  
6.073628e-04  1.835365e-02  2.925848e+00  5.370000e-02  2.075779e-04  1.500000e+03  2.512404e-01  7.887003e-02  1.942716e-02  1.759891e-02  1.751021e-03  1.086901e-03  9.045790e-07  3.960496e-08  6.300246e-01  1.000000e+00  
6.107372e-04  1.835369e-02  2.925842e+00  5.370000e-02  2.087312e-04  1.500000e+03  2.498685e-01  7.833952e-02  2.035418e-02  1.843847e-02  1.834029e-03  1.138277e-03  9.050242e-07  4.321245e-08  6.300260e-01  1.000000e+00  
6.141116e-04  1.835374e-02  2.925835e+00  5.370000e-02  2.098845e-04  1.500000e+03  2.484431e-01  7.778833e-02  2.131745e-02  1.931085e-02  1.920224e-03  1.191613e-03  9.053831e-07  4.714459e-08  6.300275e-01  1.000000e+00  
6.174860e-04  1.835378e-02  2.925827e+00  5.370000e-02  2.110378e-04  1.500000e+03  2.469630e-01  7.721608e-02  2.231764e-02  2.021664e-02  2.009657e-03  1.246937e-03  9.057871e-07  5.142585e-08  6.300291e-01  1.000000e+00  
6.208604e-04  1.835383e-02  2.925820e+00  5.370000e-02  2.121911e-04  1.500000e+03  2.454275e-01  7.662244e-02  2.335533e-02  2.115638e-02  2.102373e-03  1.304277e-03  9.062648e-07  5.608184e-08  6.300307e-01  1.000000e+00  
6.261099e-04  1.835391e-02  2.925807e+00  5.370000e-02  2.139854e-04  1.500000e+03  2.429267e-01  7.565570e-02  2.504545e-02  2.268691e-02  2.253223e-03  1.397539e-03  9.066826e-07  6.413350e-08  6.300335e-01  1.000000e+00  
6.313595e-04  1.835400e-02  2.925793e+00  5.370000e-02  2.157796e-04  1.500000e+03  2.402875e-01  7.463563e-02  2.682919e-02  2.430217e-02  2.412210e-03  1.495790e-03  9.066815e-07  7.326275e-08  6.300365e-01  1.000000e+00  
6.366090e-04  1.835409e-02  2.925778e+00  5.370000e-02  2.175738e-04  1.500000e+03  2.375084e-01  7.356164e-02  2.870764e-02  2.600313e-02  2.579387e-03  1.599056e-03  9.064811e-07  8.358082e-08  6.300398e-01  1.000000e+00  
6.418586e-04  1.835420e-02  2.925761e+00  5.370000e-02  2.193681e-04  1.500000e+03  2.345886e-01  7.243350e-02  3.068128e-02  2.779021e-02  2.754748e-03  1.707330e-03  9.057503e-07  9.520335e-08  6.300433e-01  1.000000e+00  
6.471081e-04  1.835431e-02  2.925744e+00  5.370000e-02  2.211623e-04  1.500000e+03  2.315285e-01  7.125135e-02  3.274994e-02  2.966326e-02  2.938223e-03  1.820564e-03  9.046245e-07  1.082491e-07  6.300471e-01  1.000000e+00  
6.523577e-04  1.835443e-02  2.925724e+00  5.370000e-02  2.229566e-04  1.500000e+03  2.283294e-01  7.001575e-02  3.491274e-02  3.162144e-02  3.129675e-03  1.938667e-03  9.031325e-07  1.228382e-07  6.300513e-01  1.000000e+00  
6.576072e-04  1.835456e-02  2.925704e+00  5.370000e-02  2.247509e-04  1.500000e+03  2.249938e-01  6.872773e-02  3.716800e-02  3.366325e-02  3.328886e-03  2.061504e-03  9.012891e-07  1.390904e-07  6.300558e-01  1.000000e+00  
6.628568e-04  1.835470e-02  2.925681e+00  5.370000e-02  2.265452e-04  1.500000e+03  2.215255e-01  6.738876e-02  3.951323e-02  3.578639e-02  3.535566e-03  2.188893e-03  8.988081e-07  1.571223e-07  6.300606e-01  1.000000e+00  
6.681063e-04  1.835485e-02  2.925657e+00  5.370000e-02  2.283395e-04  1.500000e+03  2.179294e-01  6.600084e-02  4.194506e-02  3.798782e-02  3.749338e-03  2.320601e-03  8.953283e-07  1.770451e-07  6.300659e-01  1.000000e+00  
6.733558e-04  1.835502e-02  2.925630e+00  5.370000e-02  2.301338e-04  1.500000e+03  2.142119e-01  6.456645e-02  4.445926e-02  4.026369e-02  3.969745e-03  2.456349e-03  8.909910e-07  1.989613e-07  6.300715e-01  1.000000e+00  
6.786054e-04  1.835520e-02  2.925602e+00  5.370000e-02  2.319281e-04  1.500000e+03  2.103805e-01  6.308859e-02  4.705072e-02  4.260935e-02  4.196247e-03  2.595806e-03  8.859701e-07  2.229622e-07  6.300776e-01  1.000000e+00  
6.838549e-04  1.835539e-02  2.925572e+00  5.370000e-02  2.337225e-04  1.500000e+03  2.064443e-01  6.157076e-02  4.971344e-02  4.501935e-02  4.428222e-03  2.738597e-03  8.801485e-07  2.491242e-07  6.300842e-01  1.000000e+00  
6.891045e-04  1.835559e-02  2.925539e+00  5.370000e-02  2.355169e-04  1.500000e+03  2.024133e-01  6.001694e-02  5.244060e-02  4.748751e-02  4.664973e-03  2.884304e-03  8.734878e-07  2.775063e-07  6.300912e-01  1.000000e+00  
6.943540e-04  1.835581e-02  2.925504e+00  5.370000e-02  2.373113e-04  1.500000e+03  1.982989e-01  5.843153e-02  5.522459e-02  5.000691e-02  4.905732e-03  3.032466e-03  8.657605e-07  3.081466e-07  6.300987e-01  1.000000e+00  
6.996036e-04  1.835605e-02  2.925467e+00  5.370000e-02  2.391057e-04  1.500000e+03  1.941133e-01  5.681937e-02  5.805710e-02  5.257000e-02  5.149669e-03  3.182589e-03  8.572935e-07  3.410598e-07  6.301068e-01  1.000000e+00  
7.048531e-04  1.835630e-02  2.925427e+00  5.370000e-02  2.409001e-04  1.500000e+03  1.898699e-01  5.518563e-02  6.092919e-02  5.516868e-02  5.395901e-03  3.334151e-03  8.477570e-07  3.762352e-07  6.301154e-01  1.000000e+00  
7.101027e-04  1.835656e-02  2.925384e+00  5.370000e-02  2.426946e-04  1.500000e+03  1.855826e-01  5.353576e-02  6.383142e-02  5.779437e-02  5.643504e-03  3.486609e-03  8.369719e-07  4.136347e-07  6.301245e-01  1.000000e+00  
7.153522e-04  1.835684e-02  2.925339e+00  5.370000e-02  2.444891e-04  1.500000e+03  1.812660e-01  5.187545e-02  6.675395e-02  6.043815e-02  5.891526e-03  3.639405e-03  8.257580e-07  4.531917e-07  6.301342e-01  1.000000e+00  
7.206018e-04  1.835714e-02  2.925292e+00  5.370000e-02  2.462836e-04  1.500000e+03  1.769352e-01  5.021048e-02  6.968671e-02  6.309087e-02  6.138999e-03  3.791977e-03  8.132499e-07  4.948111e-07  6.301445e-01  1.000000e+00  
7.258513e-04  1.835746e-02  2.925241e+00  5.370000e-02  2.480782e-04  1.500000e+03  1.726051e-01  4.854674e-02  7.261950e-02  6.574326e-02  6.384955e-03  3.943765e-03  7.998413e-07  5.383697e-07  6.301553e-01  1.000000e+00  
7.311009e-04  1.835779e-02  2.925188e+00  5.370000e-02  2.498727e-04  1.500000e+03  1.682909e-01  4.689004e-02  7.554217e-02  6.838608e-02  6.628442e-03  4.094221e-03  7.856409e-07  5.837174e-07  6.301668e-01  1.000000e+00  
7.363504e-04  1.835815e-02  2.925132e+00  5.370000e-02  2.516674e-04  1.500000e+03  1.640072e-01  4.524612e-02  7.844471e-02  7.101027e-02  6.868535e-03  4.242816e-03  7.708857e-07  6.306792e-07  6.301789e-01  1.000000e+00  
7.416000e-04  1.835852e-02  2.925073e+00  5.370000e-02  2.534620e-04  1.500000e+03  1.597686e-01  4.362050e-02  8.131746e-02  7.360701e-02  7.104350e-03  4.389049e-03  7.552203e-07  6.790584e-07  6.301916e-01  1.000000e+00  
7.468495e-04  1.835890e-02  2.925011e+00  5.370000e-02  2.552567e-04  1.500000e+03  1.555886e-01  4.201846e-02  8.415117e-02  7.616789e-02  7.335061e-03  4.532449e-03  7.393092e-07  7.286398e-07  6.302049e-01  1.000000e+00  
7.520991e-04  1.835931e-02  2.924947e+00  5.370000e-02  2.570514e-04  1.500000e+03  1.514802e-01  4.044493e-02  8.693715e-02  7.868498e-02  7.559904e-03  4.672590e-03  7.219604e-07  7.791935e-07  6.302188e-01  1.000000e+00  
7.554367e-04  1.835958e-02  2.924904e+00  5.370000e-02  2.581925e-04  1.500000e+03  1.489107e-01  3.946142e-02  8.867992e-02  8.025918e-02  7.699487e-03  4.759814e-03  7.112390e-07  8.117311e-07  6.302279e-01  1.000000e+00  
7.576806e-04  1.835976e-02  2.924875e+00  5.370000e-02  2.589597e-04  1.500000e+03  1.472037e-01  3.880828e-02  8.983794e-02  8.130500e-02  7.791757e-03  4.817580e-03  7.042745e-07  8.337409e-07  6.302342e-01  1.000000e+00  
7.599244e-04  1.835994e-02  2.924845e+00  5.370000e-02  2.597269e-04  1.500000e+03  1.455140e-01  3.816199e-02  9.098433e-02  8.234018e-02  7.882710e-03  4.874614e-03  6.967289e-07  8.558367e-07  6.302406e-01  1.000000e+00  
7.621683e-04  1.836013e-02  2.924815e+00  5.370000e-02  2.604941e-04  1.500000e+03  1.438425e-01  3.752284e-02  9.211859e-02  8.336424e-02  7.972305e-03  4.930892e-03  6.894254e-07  8.779993e-07  6.302471e-01  1.000000e+00  
7.644122e-04  1.836033e-02  2.924785e+00  5.370000e-02  2.612613e-04  1.500000e+03  1.421898e-01  3.689111e-02  9.324021e-02  8.437672e-02  8.060502e-03  4.986391e-03  6.819743e-07  9.002093e-07  6.302537e-01  1.000000e+00  
7.666561e-04  1.836052e-02  2.924753e+00  5.370000e-02  2.620285e-04  1.500000e+03  1.405566e-01  3.626706e-02  9.434872e-02  8.537719e-02  8.147265e-03  5.041093e-03  6.741045e-07  9.224476e-07  6.302604e-01  1.000000e+00  
7.689000e-04  1.836072e-02  2.924722e+00  5.370000e-02  2.627957e-04  1.500000e+03  1.389437e-01  3.565095e-02  9.544369e-02  8.636525e-02  8.232561e-03  5.094977e-03  6.666666e-07  9.446950e-07  6.302673e-01  1.000000e+00  
7.711438e-04  1.836092e-02  2.924690e+00  5.370000e-02  2.635629e-04  1.500000e+03  1.373516e-01  3.504299e-02  9.652470e-02  8.734051e-02  8.316360e-03  5.148027e-03  6.592148e-07  9.669327e-07  6.302742e-01  1.000000e+00  
7.733877e-04  1.836113e-02  2.924657e+00  5.370000e-02  2.643301e-04  1.500000e+03  1.357809e-01  3.444341e-02  9.759137e-02  8.830264e-02  8.398634e-03  5.200229e-03  6.512634e-07  9.891421e-07  6.302812e-01  1.000000e+00  
7.756316e-04  1.836133e-02  2.924624e+00  5.370000e-02  2.650973e-04  1.500000e+03  1.342321e-01  3.385240e-02  9.864334e-02  8.925129e-02  8.479360e-03  5.251567e-03  6.434605e-07  1.011305e-06  6.302883e-01  1.000000e+00  
7.778755e-04  1.836155e-02  2.924590e+00  5.370000e-02  2.658646e-04  1.500000e+03  1.327056e-01  3.327013e-02  9.968029e-02  9.018616e-02  8.558516e-03  5.302030e-03  6.361335e-07  1.033403e-06  6.302956e-01  1.000000e+00  
7.801193e-04  1.836176e-02  2.924556e+00  5.370000e-02  2.666318e-04  1.500000e+03  1.312020e-01  3.269678e-02  1.007019e-01  9.110699e-02  8.636084e-03  5.351609e-03  6.282594e-07  1.055420e-06  6.303029e-01  1.000000e+00  
7.816719e-04  1.836191e-02  2.924533e+00  5.370000e-02  2.671627e-04  1.500000e+03  1.301753e-01  3.230536e-02  1.013997e-01  9.173577e-02  8.688817e-03  5.385391e-03  6.228506e-07  1.070597e-06  6.303080e-01  1.000000e+00  
7.832245e-04  1.836206e-02  2.924509e+00  5.370000e-02  2.676936e-04  1.500000e+03  1.291597e-01  3.191832e-02  1.020899e-01  9.235763e-02  8.740778e-03  5.418741e-03  6.179572e-07  1.085721e-06  6.303132e-01  1.000000e+00  
7.847771e-04  1.836221e-02  2.924484e+00  5.370000e-02  2.682245e-04  1.500000e+03  1.281555e-01  3.153570e-02  1.027725e-01  9.297250e-02  8.791964e-03  5.451659e-03  6.125240e-07  1.100786e-06  6.303184e-01  1.000000e+00  
7.858527e-04  1.836232e-02  2.924467e+00  5.370000e-02  2.685923e-04  1.500000e+03  1.274665e-01  3.127324e-02  1.032409e-01  9.339435e-02  8.826969e-03  5.474211e-03  6.087287e-07  1.111187e-06  6.303221e-01  1.000000e+00  
7.869283e-04  1.836242e-02  2.924450e+00  5.370000e-02  2.689601e-04  1.500000e+03  1.267831e-01  3.101292e-02  1.037056e-01  9.381279e-02  8.861600e-03  5.496552e-03  6.054001e-07  1.121555e-06  6.303257e-01  1.000000e+00  
7.880040e-04  1.836253e-02  2.924433e+00  5.370000e-02  2.693279e-04  1.500000e+03  1.261052e-01  3.075477e-02  1.041666e-01  9.422780e-02  8.895855e-03  5.518684e-03  6.017114e-07  1.131890e-06  6.303294e-01  1.000000e+00  
7.890796e-04  1.836264e-02  2.924416e+00  5.370000e-02  2.696957e-04  1.500000e+03  1.254328e-01  3.049878e-02  1.046238e-01  9.463938e-02  8.929735e-03  5.540607e-03  5.978959e-07  1.142189e-06  6.303331e-01  1.000000e+00  
7.901552e-04  1.836275e-02  2.924399e+00  5.370000e-02  2.700635e-04  1.500000e+03  1.247661e-01  3.024498e-02  1.050772e-01  9.504749e-02  8.963239e-03  5.562319e-03  5.942269e-07  1.152450e-06  6.303369e-01  1.000000e+00  
7.920306e-04  1.836294e-02  2.924368e+00  5.370000e-02  2.707048e-04  1.500000e+03  1.236172e-01  2.980771e-02  1.058587e-01  9.575073e-02  9.020753e-03  5.599671e-03  5.883466e-07  1.170248e-06  6.303434e-01  1.000000e+00  
7.939059e-04  1.836313e-02  2.924338e+00  5.370000e-02  2.713461e-04  1.500000e+03  1.224855e-01  2.937712e-02  1.066287e-01  9.644334e-02  9.077122e-03  5.636382e-03  5.821240e-07  1.187920e-06  6.303500e-01  1.000000e+00  
7.957813e-04  1.836333e-02  2.924307e+00  5.370000e-02  2.719874e-04  1.500000e+03  1.213712e-01  2.895325e-02  1.073870e-01  9.712526e-02  9.132348e-03  5.672454e-03  5.760333e-07  1.205459e-06  6.303567e-01  1.000000e+00  
7.976567e-04  1.836352e-02  2.924275e+00  5.370000e-02  2.726287e-04  1.500000e+03  1.202742e-01  2.853612e-02  1.081337e-01  9.779646e-02  9.186432e-03  5.707885e-03  5.699853e-07  1.222856e-06  6.303635e-01  1.000000e+00  
7.995320e-04  1.836372e-02  2.924244e+00  5.370000e-02  2.732700e-04  1.500000e+03  1.191946e-01  2.812574e-02  1.088686e-01  9.845689e-02  9.239377e-03  5.742677e-03  5.637989e-07  1.240105e-06  6.303703e-01  1.000000e+00  
8.014074e-04  1.836392e-02  2.924212e+00  5.370000e-02  2.739113e-04  1.500000e+03  1.181326e-01  2.772212e-02  1.095918e-01  9.910652e-02  9.291188e-03  5.776833e-03  5.576721e-07  1.257198e-06  6.303771e-01  1.000000e+00  
8.032827e-04  1.836412e-02  2.924180e+00  5.370000e-02  2.745526e-04  1.500000e+03  1.170880e-01  2.732528e-02  1.103033e-01  9.974535e-02  9.341869e-03  5.810353e-03  5.517231e-07  1.274130e-06  6.303840e-01  1.000000e+00  
8.051581e-04  1.836433e-02  2.924148e+00  5.370000e-02  2.751940e-04  1.500000e+03  1.160609e-01  2.693519e-02  1.110030e-01  1.003734e-01  9.391426e-03  5.843240e-03  5.457449e-07  1.290894e-06  6.303910e-01  1.000000e+00  
8.070335e-04  1.836453e-02  2.924115e+00  5.370000e-02  2.758353e-04  1.500000e+03  1.150514e-01  2.655186e-02  1.116909e-01  1.009906e-01  9.439867e-03  5.875499e-03  5.398651e-07  1.307484e-06  6.303981e-01  1.000000e+00  
8.089088e-04  1.836474e-02  2.924082e+00  5.370000e-02  2.764766e-04  1.500000e+03  1.140593e-01  2.617527e-02  1.123672e-01  1.015970e-01  9.487199e-03  5.907131e-03  5.340840e-07  1.323895e-06  6.304052e-01  1.000000e+00  
8.107842e-04  1.836495e-02  2.924049e+00  5.370000e-02  2.771180e-04  1.500000e+03  1.130846e-01  2.580540e-02  1.130317e-01  1.021926e-01  9.533432e-03  5.938142e-03  5.283588e-07  1.340122e-06  6.304123e-01  1.000000e+00  
8.138805e-04  1.836529e-02  2.923994e+00  5.370000e-02  2.781769e-04  1.500000e+03  1.115134e-01  2.520937e-02  1.141033e-01  1.031524e-01  9.607382e-03  5.987994e-03  5.190434e-07  1.366497e-06  6.304242e-01  1.000000e+00  
8.169768e-04  1.836564e-02  2.923938e+00  5.370000e-02  2.792359e-04  1.500000e+03  1.099892e-01  2.463145e-02  1.151433e-01  1.040832e-01  9.678408e-03  6.036187e-03  5.097915e-07  1.392338e-06  6.304363e-01  1.000000e+00  
8.200731e-04  1.836600e-02  2.923881e+00  5.370000e-02  2.802948e-04  1.500000e+03  1.085117e-01  2.407146e-02  1.161521e-01  1.049851e-01  9.746561e-03  6.082744e-03  5.006830e-07  1.417627e-06  6.304485e-01  1.000000e+00  
8.231694e-04  1.836636e-02  2.923824e+00  5.370000e-02  2.813538e-04  1.500000e+03  1.070804e-01  2.352921e-02  1.171298e-01  1.058583e-01  9.811898e-03  6.127692e-03  4.919650e-07  1.442348e-06  6.304608e-01  1.000000e+00  
8.262657e-04  1.836672e-02  2.923766e+00  5.370000e-02  2.824128e-04  1.500000e+03  1.056946e-01  2.300446e-02  1.180769e-01  1.067033e-01  9.874479e-03  6.171061e-03  4.832031e-07  1.466491e-06  6.304733e-01  1.000000e+00  
8.293620e-04  1.836709e-02  2.923708e+00  5.370000e-02  2.834718e-04  1.500000e+03  1.043539e-01  2.249694e-02  1.189938e-01  1.075203e-01  9.934367e-03  6.212880e-03  4.749491e-07  1.490044e-06  6.304859e-01  1.000000e+00  
8.324583e-04  1.836746e-02  2.923649e+00  5.370000e-02  2.845309e-04  1.500000e+03  1.030575e-01  2.200639e-02  1.198809e-01  1.083098e-01  9.991630e-03  6.253183e-03  4.666202e-07  1.513000e-06  6.304986e-01  1.000000e+00  
8.355546e-04  1.836784e-02  2.923589e+00  5.370000e-02  2.855899e-04  1.500000e+03  1.018046e-01  2.153248e-02  1.207388e-01  1.090723e-01  1.004634e-02  6.292004e-03  4.585356e-07  1.535353e-06  6.305115e-01  1.000000e+00  
8.386509e-04  1.836821e-02  2.923529e+00  5.370000e-02  2.866490e-04  1.500000e+03  1.005945e-01  2.107492e-02  1.215680e-01  1.098082e-01  1.009856e-02  6.329376e-03  4.507019e-07  1.557098e-06  6.305244e-01  1.000000e+00  
8.417472e-04  1.836859e-02  2.923468e+00  5.370000e-02  2.877081e-04  1.500000e+03  9.942629e-02  2.063335e-02  1.223691e-01  1.105180e-01  1.014837e-02  6.365336e-03  4.430817e-07  1.578235e-06  6.305375e-01  1.000000e+00  
8.448435e-04  1.836898e-02  2.923407e+00  5.370000e-02  2.887673e-04  1.500000e+03  9.829918e-02  2.020742e-02  1.231427e-01  1.112023e-01  1.019584e-02  6.399920e-03  4.356665e-07  1.598762e-06  6.305507e-01  1.000000e+00  
8.479398e-04  1.836936e-02  2.923346e+00  5.370000e-02  2.898264e-04  1.500000e+03  9.721223e-02  1.979679e-02  1.238892e-01  1.118615e-01  1.024104e-02  6.433163e-03  4.284587e-07  1.618680e-06  6.305640e-01  1.000000e+00  
8.527997e-04  1.836998e-02  2.923248e+00  5.370000e-02  2.914889e-04  1.500000e+03  9.558493e-02  1.918221e-02  1.250082e-01  1.128472e-01  1.030761e-02  6.482729e-03  4.175675e-07  1.648725e-06  6.305850e-01  1.000000e+00  
8.576595e-04  1.837060e-02  2.923149e+00  5.370000e-02  2.931514e-04  1.500000e+03  9.405059e-02  1.860292e-02  1.260649e-01  1.137749e-01  1.036907e-02  6.529230e-03  4.071877e-07  1.677296e-06  6.306063e-01  1.000000e+00  
8.625193e-04  1.837122e-02  2.923050e+00  5.370000e-02  2.948139e-04  1.500000e+03  9.260542e-02  1.805742e-02  1.270618e-01  1.146470e-01  1.042571e-02  6.572811e-03  3.973126e-07  1.704418e-06  6.306278e-01  1.000000e+00  
8.673791e-04  1.837186e-02  2.922949e+00  5.370000e-02  2.964765e-04  1.500000e+03  9.124562e-02  1.754422e-02  1.280015e-01  1.154657e-01  1.047781e-02  6.613613e-03  3.879323e-07  1.730120e-06  6.306495e-01  1.000000e+00  
8.722389e-04  1.837249e-02  2.922848e+00  5.370000e-02  2.981392e-04  1.500000e+03  8.996733e-02  1.706180e-02  1.288865e-01  1.162334e-01  1.052565e-02  6.651777e-03  3.790355e-07  1.754439e-06  6.306714e-01  1.000000e+00  
8.797414e-04  1.837349e-02  2.922690e+00  5.370000e-02  3.007061e-04  1.500000e+03  8.814514e-02  1.637407e-02  1.301515e-01  1.173240e-01  1.059175e-02  6.705832e-03  3.662194e-07  1.789364e-06  6.307055e-01  1.000000e+00  
8.872439e-04  1.837449e-02  2.922530e+00  5.370000e-02  3.032732e-04  1.500000e+03  8.649428e-02  1.575080e-02  1.313018e-01  1.183072e-01  1.064925e-02  6.754416e-03  3.544698e-07  1.821252e-06  6.307400e-01  1.000000e+00  
8.947464e-04  1.837551e-02  2.922368e+00  5.370000e-02  3.058404e-04  1.500000e+03  8.500129e-02  1.518678e-02  1.323464e-01  1.191914e-01  1.069904e-02  6.797995e-03  3.437255e-07  1.850280e-06  6.307749e-01  1.000000e+00  
9.022489e-04  1.837654e-02  2.922205e+00  5.370000e-02  3.084077e-04  1.500000e+03  8.365325e-02  1.467702e-02  1.332941e-01  1.199844e-01  1.074192e-02  6.837008e-03  3.339270e-07  1.876628e-06  6.308101e-01  1.000000e+00  
9.097515e-04  1.837757e-02  2.922040e+00  5.370000e-02  3.109752e-04  1.500000e+03  8.243784e-02  1.421683e-02  1.341530e-01  1.206940e-01  1.077864e-02  6.871867e-03  3.250069e-07  1.900484e-06  6.308456e-01  1.000000e+00  
9.172540e-04  1.837861e-02  2.921875e+00  5.370000e-02  3.135428e-04  1.500000e+03  8.134347e-02  1.380176e-02  1.349310e-01  1.213274e-01  1.080988e-02  6.902955e-03  3.169046e-07  1.922031e-06  6.308813e-01  1.000000e+00  
9.247565e-04  1.837966e-02  2.921708e+00  5.370000e-02  3.161106e-04  1.500000e+03  8.035927e-02  1.342768e-02  1.356354e-01  1.218913e-01  1.083624e-02  6.930625e-03  3.095526e-07  1.941449e-06  6.309173e-01  1.000000e+00  
9.295469e-04  1.838033e-02  2.921602e+00  5.370000e-02  3.177502e-04  1.500000e+03  7.978372e-02  1.320846e-02  1.360498e-01  1.222180e-01  1.085078e-02  6.946659e-03  3.052261e-07  1.952816e-06  6.309403e-01  1.000000e+00  
9.343374e-04  1.838100e-02  2.921495e+00  5.370000e-02  3.193899e-04  1.500000e+03  7.924646e-02  1.300345e-02  1.364386e-01  1.225205e-01  1.086370e-02  6.961513e-03  3.011635e-07  1.963428e-06  6.309635e-01  1.000000e+00  
9.391278e-04  1.838168e-02  2.921387e+00  5.370000e-02  3.210297e-04  1.500000e+03  7.874516e-02  1.281176e-02  1.368035e-01  1.228003e-01  1.087511e-02  6.975261e-03  2.973562e-07  1.973330e-06  6.309867e-01  1.000000e+00  
9.439182e-04  1.838236e-02  2.921279e+00  5.370000e-02  3.226695e-04  1.500000e+03  7.827758e-02  1.263255e-02  1.371458e-01  1.230587e-01  1.088512e-02  6.987974e-03  2.937822e-07  1.982560e-06  6.310100e-01  1.000000e+00  
9.487087e-04  1.838304e-02  2.921171e+00  5.370000e-02  3.243094e-04  1.500000e+03  7.784163e-02  1.246504e-02  1.374670e-01  1.232972e-01  1.089384e-02  6.999717e-03  2.904378e-07  1.991159e-06  6.310333e-01  1.000000e+00  
9.561591e-04  1.838410e-02  2.921003e+00  5.370000e-02  3.268600e-04  1.500000e+03  7.722178e-02  1.222600e-02  1.379278e-01  1.236312e-01  1.090507e-02  7.016202e-03  2.856463e-07  2.003361e-06  6.310697e-01  1.000000e+00  
9.636096e-04  1.838516e-02  2.920834e+00  5.370000e-02  3.294107e-04  1.500000e+03  7.666662e-02  1.201081e-02  1.383454e-01  1.239243e-01  1.091375e-02  7.030713e-03  2.813175e-07  2.014256e-06  6.311062e-01  1.000000e+00  
9.710601e-04  1.838623e-02  2.920665e+00  5.370000e-02  3.319616e-04  1.500000e+03  7.616974e-02  1.181710e-02  1.387241e-01  1.241804e-01  1.092018e-02  7.043449e-03  2.774087e-07  2.023964e-06  6.311428e-01  1.000000e+00  
9.785105e-04  1.838729e-02  2.920495e+00  5.370000e-02  3.345126e-04  1.500000e+03  7.572533e-02  1.164268e-02  1.390678e-01  1.244032e-01  1.092461e-02  7.054590e-03  2.738874e-07  2.032599e-06  6.311794e-01  1.000000e+00  
9.926042e-04  1.838932e-02  2.920173e+00  5.370000e-02  3.393386e-04  1.500000e+03  7.500983e-02  1.135874e-02  1.396345e-01  1.247453e-01  1.092837e-02  7.071866e-03  2.681338e-07  2.046356e-06  6.312490e-01  1.000000e+00  
1.002049e-03  1.839068e-02  2.919957e+00  5.370000e-02  3.425729e-04  1.500000e+03  7.460950e-02  1.119750e-02  1.399615e-01  1.249243e-01  1.092801e-02  7.081046e-03  2.648573e-07  2.053938e-06  6.312958e-01  1.000000e+00  
1.011493e-03  1.839205e-02  2.919740e+00  5.370000e-02  3.458075e-04  1.500000e+03  7.426327e-02  1.105607e-02  1.402525e-01  1.250689e-01  1.092573e-02  7.088588e-03  2.619800e-07  2.060396e-06  6.313426e-01  1.000000e+00  
1.020937e-03  1.839341e-02  2.919524e+00  5.370000e-02  3.490422e-04  1.500000e+03  7.396415e-02  1.093189e-02  1.405120e-01  1.251836e-01  1.092181e-02  7.094707e-03  2.594566e-07  2.065870e-06  6.313895e-01  1.000000e+00  
1.030382e-03  1.839478e-02  2.919307e+00  5.370000e-02  3.522772e-04  1.500000e+03  7.370600e-02  1.082270e-02  1.407443e-01  1.252723e-01  1.091649e-02  7.099588e-03  2.572316e-07  2.070485e-06  6.314364e-01  1.000000e+00  
1.039826e-03  1.839615e-02  2.919090e+00  5.370000e-02  3.555125e-04  1.500000e+03  7.348349e-02  1.072652e-02  1.409527e-01  1.253383e-01  1.090997e-02  7.103393e-03  2.552836e-07  2.074352e-06  6.314833e-01  1.000000e+00  
1.049270e-03  1.839751e-02  2.918873e+00  5.370000e-02  3.587480e-04  1.500000e+03  7.329197e-02  1.064166e-02  1.411405e-01  1.253845e-01  1.090242e-02  7.106263e-03  2.535441e-07  2.077565e-06  6.315303e-01  1.000000e+00  
1.058715e-03  1.839888e-02  2.918656e+00  5.370000e-02  3.619837e-04  1.500000e+03  7.312736e-02  1.056663e-02  1.413104e-01  1.254137e-01  1.089399e-02  7.108321e-03  2.520495e-07  2.080211e-06  6.315772e-01  1.000000e+00  
1.068159e-03  1.840025e-02  2.918438e+00  5.370000e-02  3.652197e-04  1.500000e+03  7.298612e-02  1.050012e-02  1.414647e-01  1.254281e-01  1.088481e-02  7.109674e-03  2.506484e-07  2.082362e-06  6.316242e-01  1.000000e+00  
1.077603e-03  1.840162e-02  2.918221e+00  5.370000e-02  3.684559e-04  1.500000e+03  7.286518e-02  1.044101e-02  1.416054e-01  1.254295e-01  1.087498e-02  7.110414e-03  2.495565e-07  2.084083e-06  6.316712e-01  1.000000e+00  
1.087048e-03  1.840299e-02  2.918005e+00  5.370000e-02  3.716923e-04  1.500000e+03  7.276184e-02  1.038832e-02  1.417344e-01  1.254198e-01  1.086459e-02  7.110623e-03  2.484569e-07  2.085430e-06  6.317181e-01  1.000000e+00  
1.096492e-03  1.840435e-02  2.917788e+00  5.370000e-02  3.749290e-04  1.500000e+03  7.267377e-02  1.034120e-02  1.418531e-01  1.254004e-01  1.085374e-02  7.110372e-03  2.476232e-07  2.086451e-06  6.317651e-01  1.000000e+00  
1.105936e-03  1.840572e-02  2.917571e+00  5.370000e-02  3.781659e-04  1.500000e+03  7.259895e-02  1.029891e-02  1.419630e-01  1.253726e-01  1.084248e-02  7.109720e-03  2.464566e-07  2.087191e-06  6.318120e-01  1.000000e+00  
1.115380e-03  1.840709e-02  2.917355e+00  5.370000e-02  3.814031e-04  1.500000e+03  7.253562e-02  1.026081e-02  1.420652e-01  1.253375e-01  1.083087e-02  7.108721e-03  2.457946e-07  2.087685e-06  6.318589e-01  1.000000e+00  
1.124825e-03  1.840845e-02  2.917138e+00  5.370000e-02  3.846405e-04  1.500000e+03  7.248225e-02  1.022634e-02  1.421608e-01  1.252962e-01  1.081896e-02  7.107422e-03  2.452579e-07  2.087966e-06  6.319058e-01  1.000000e+00  
1.134269e-03  1.840982e-02  2.916922e+00  5.370000e-02  3.878782e-04  1.500000e+03  7.243752e-02  1.019503e-02  1.422505e-01  1.252494e-01  1.080681e-02  7.105862e-03  2.447718e-07  2.088062e-06  6.319526e-01  1.000000e+00  
1.143713e-03  1.841118e-02  2.916706e+00  5.370000e-02  3.911161e-04  1.500000e+03  7.240027e-02  1.016644e-02  1.423352e-01  1.251978e-01  1.079443e-02  7.104075e-03  2.439384e-07  2.087998e-06  6.319994e-01  1.000000e+00  
1.153158e-03  1.841254e-02  2.916490e+00  5.370000e-02  3.943542e-04  1.500000e+03  7.236952e-02  1.014022e-02  1.424155e-01  1.251422e-01  1.078187e-02  7.102091e-03  2.436884e-07  2.087794e-06  6.320462e-01  1.000000e+00  
1.159752e-03  1.841350e-02  2.916339e+00  5.370000e-02  3.966153e-04  1.500000e+03  7.235142e-02  1.012315e-02  1.424694e-01  1.251013e-01  1.077301e-02  7.100605e-03  2.432370e-07  2.087579e-06  6.320788e-01  1.000000e+00  
1.166347e-03  1.841445e-02  2.916189e+00  5.370000e-02  3.988766e-04  1.500000e+03  7.233581e-02  1.010699e-02  1.425215e-01  1.250588e-01  1.076408e-02  7.099043e-03  2.427733e-07  2.087311e-06  6.321115e-01  1.000000e+00  
1.172941e-03  1.841540e-02  2.916038e+00  5.370000e-02  4.011379e-04  1.500000e+03  7.232244e-02  1.009164e-02  1.425721e-01  1.250149e-01  1.075509e-02  7.097412e-03  2.423379e-07  2.086994e-06  6.321441e-01  1.000000e+00  
1.179535e-03  1.841634e-02  2.915888e+00  5.370000e-02  4.033994e-04  1.500000e+03  7.231111e-02  1.007704e-02  1.426214e-01  1.249697e-01  1.074605e-02  7.095720e-03  2.423324e-07  2.086633e-06  6.321767e-01  1.000000e+00  
1.186130e-03  1.841729e-02  2.915738e+00  5.370000e-02  4.056610e-04  1.500000e+03  7.230161e-02  1.006312e-02  1.426694e-01  1.249234e-01  1.073696e-02  7.093973e-03  2.418147e-07  2.086233e-06  6.322092e-01  1.000000e+00  
1.192724e-03  1.841824e-02  2.915588e+00  5.370000e-02  4.079227e-04  1.500000e+03  7.229377e-02  1.004980e-02  1.427162e-01  1.248761e-01  1.072783e-02  7.092176e-03  2.416433e-07  2.085796e-06  6.322418e-01  1.000000e+00  
1.199318e-03  1.841919e-02  2.915438e+00  5.370000e-02  4.101845e-04  1.500000e+03  7.228743e-02  1.003703e-02  1.427621e-01  1.248278e-01  1.071866e-02  7.090332e-03  2.415735e-07  2.085328e-06  6.322743e-01  1.000000e+00  
1.205913e-03  1.842014e-02  2.915288e+00  5.370000e-02  4.124464e-04  1.500000e+03  7.228246e-02  1.002477e-02  1.428070e-01  1.247787e-01  1.070945e-02  7.088448e-03  2.414276e-07  2.084829e-06  6.323068e-01  1.000000e+00  
1.212507e-03  1.842108e-02  2.915138e+00  5.370000e-02  4.147085e-04  1.500000e+03  7.227872e-02  1.001295e-02  1.428511e-01  1.247289e-01  1.070022e-02  7.086526e-03  2.410544e-07  2.084304e-06  6.323393e-01  1.000000e+00  
1.223536e-03  1.842266e-02  2.914888e+00  5.370000e-02  4.184920e-04  1.500000e+03  7.227490e-02  9.994091e-03  1.429231e-01  1.246440e-01  1.068473e-02  7.083238e-03  2.406832e-07  2.083373e-06  6.323936e-01  1.000000e+00  
1.234565e-03  1.842424e-02  2.914638e+00  5.370000e-02  4.222757e-04  1.500000e+03  7.227372e-02  9.976206e-03  1.429933e-01  1.245576e-01  1.066918e-02  7.079869e-03  2.403662e-07  2.082384e-06  6.324478e-01  1.000000e+00  
1.245594e-03  1.842582e-02  2.914388e+00  5.370000e-02  4.260598e-04  1.500000e+03  7.227477e-02  9.959147e-03  1.430619e-01  1.244699e-01  1.065360e-02  7.076432e-03  2.400406e-07  2.081346e-06  6.325020e-01  1.000000e+00  
1.256622e-03  1.842740e-02  2.914139e+00  5.370000e-02  4.298443e-04  1.500000e+03  7.227772e-02  9.942791e-03  1.431292e-01  1.243810e-01  1.063798e-02  7.072938e-03  2.397383e-07  2.080267e-06  6.325561e-01  1.000000e+00  
1.273847e-03  1.842986e-02  2.913750e+00  5.370000e-02  4.357553e-04  1.500000e+03  7.228542e-02  9.918406e-03  1.432320e-01  1.242404e-01  1.061354e-02  7.067387e-03  2.392890e-07  2.078513e-06  6.326405e-01  1.000000e+00  
1.291071e-03  1.843231e-02  2.913362e+00  5.370000e-02  4.416670e-04  1.500000e+03  7.229613e-02  9.895152e-03  1.433327e-01  1.240981e-01  1.058907e-02  7.061745e-03  2.388646e-07  2.076692e-06  6.327247e-01  1.000000e+00  
1.308295e-03  1.843476e-02  2.912975e+00  5.370000e-02  4.475796e-04  1.500000e+03  7.230916e-02  9.872781e-03  1.434317e-01  1.239546e-01  1.056460e-02  7.056032e-03  2.384569e-07  2.074820e-06  6.328088e-01  1.000000e+00  
1.325520e-03  1.843721e-02  2.912589e+00  5.370000e-02  4.534929e-04  1.500000e+03  7.232397e-02  9.851099e-03  1.435293e-01  1.238102e-01  1.054014e-02  7.050265e-03  2.380621e-07  2.072907e-06  6.328927e-01  1.000000e+00  
1.342744e-03  1.843965e-02  2.912203e+00  5.370000e-02  4.594071e-04  1.500000e+03  7.234016e-02  9.829956e-03  1.436257e-01  1.236652e-01  1.051570e-02  7.044456e-03  2.376789e-07  2.070963e-06  6.329765e-01  1.000000e+00  
1.359968e-03  1.844208e-02  2.911819e+00  5.370000e-02  4.653220e-04  1.500000e+03  7.235741e-02  9.809237e-03  1.437213e-01  1.235197e-01  1.049128e-02  7.038616e-03  2.373041e-07  2.068994e-06  6.330602e-01  1.000000e+00  
1.377192e-03  1.844451e-02  2.911435e+00  5.370000e-02  4.712377e-04  1.500000e+03  7.237546e-02  9.788850e-03  1.438162e-01  1.233739e-01  1.046691e-02  7.032751e-03  2.369357e-07  2.067007e-06  6.331436e-01  1.000000e+00  
1.403175e-03  1.844817e-02  2.910857e+00  5.370000e-02  4.801628e-04  1.500000e+03  7.240380e-02  9.758579e-03  1.439582e-01  1.231538e-01  1.043023e-02  7.023870e-03  2.363891e-07  2.063981e-06  6.332693e-01  1.000000e+00  
1.429157e-03  1.845182e-02  2.910281e+00  5.370000e-02  4.890897e-04  1.500000e+03  7.243308e-02  9.728740e-03  1.440992e-01  1.229336e-01  1.039366e-02  7.014963e-03  2.358504e-07  2.060932e-06  6.333945e-01  1.000000e+00  
1.455140e-03  1.845546e-02  2.909708e+00  5.370000e-02  4.980184e-04  1.500000e+03  7.246298e-02  9.699221e-03  1.442393e-01  1.227135e-01  1.035721e-02  7.006037e-03  2.353171e-07  2.057866e-06  6.335195e-01  1.000000e+00  
1.481122e-03  1.845909e-02  2.909135e+00  5.370000e-02  5.069488e-04  1.500000e+03  7.249330e-02  9.669944e-03  1.443787e-01  1.224937e-01  1.032089e-02  6.997100e-03  2.347877e-07  2.054788e-06  6.336441e-01  1.000000e+00  
1.507104e-03  1.846271e-02  2.908565e+00  5.370000e-02  5.158810e-04  1.500000e+03  7.252388e-02  9.640855e-03  1.445175e-01  1.222743e-01  1.028470e-02  6.988157e-03  2.342609e-07  2.051700e-06  6.337683e-01  1.000000e+00  
1.533087e-03  1.846632e-02  2.907997e+00  5.370000e-02  5.248149e-04  1.500000e+03  7.255461e-02  9.611914e-03  1.446558e-01  1.220554e-01  1.024864e-02  6.979211e-03  2.337361e-07  2.048607e-06  6.338922e-01  1.000000e+00  
1.574075e-03  1.847199e-02  2.907104e+00  5.370000e-02  5.389120e-04  1.500000e+03  7.260324e-02  9.566503e-03  1.448730e-01  1.217109e-01  1.019203e-02  6.965096e-03  2.329108e-07  2.043717e-06  6.340869e-01  1.000000e+00  
1.615063e-03  1.847764e-02  2.906215e+00  5.370000e-02  5.530134e-04  1.500000e+03  7.265193e-02  9.521343e-03  1.450891e-01  1.213678e-01  1.013577e-02  6.950985e-03  2.320877e-07  2.038818e-06  6.342808e-01  1.000000e+00  
1.656051e-03  1.848326e-02  2.905331e+00  5.370000e-02  5.671191e-04  1.500000e+03  7.270061e-02  9.476405e-03  1.453042e-01  1.210260e-01  1.007984e-02  6.936879e-03  2.312662e-07  2.033913e-06  6.344738e-01  1.000000e+00  
1.697039e-03  1.848886e-02  2.904451e+00  5.370000e-02  5.812291e-04  1.500000e+03  7.274922e-02  9.431673e-03  1.455182e-01  1.206856e-01  1.002425e-02  6.922780e-03  2.304461e-07  2.029003e-06  6.346660e-01  1.000000e+00  
1.738026e-03  1.849444e-02  2.903576e+00  5.370000e-02  5.953433e-04  1.500000e+03  7.279774e-02  9.387134e-03  1.457313e-01  1.203465e-01  9.969000e-03  6.908691e-03  2.296270e-07  2.024089e-06  6.348573e-01  1.000000e+00  
1.805495e-03  1.850356e-02  2.902145e+00  5.370000e-02  6.185853e-04  1.500000e+03  7.287735e-02  9.314226e-03  1.460800e-01  1.197914e-01  9.878785e-03  6.885520e-03  2.282809e-07  2.015991e-06  6.351704e-01  1.000000e+00  
1.872963e-03  1.851261e-02  2.900725e+00  5.370000e-02  6.418386e-04  1.500000e+03  7.295664e-02  9.241811e-03  1.464261e-01  1.192401e-01  9.789470e-03  6.862378e-03  2.269374e-07  2.007884e-06  6.354813e-01  1.000000e+00  
1.940431e-03  1.852160e-02  2.899317e+00  5.370000e-02  6.651033e-04  1.500000e+03  7.303559e-02  9.169885e-03  1.467697e-01  1.186925e-01  9.701048e-03  6.839265e-03  2.255964e-07  1.999770e-06  6.357898e-01  1.000000e+00  
2.007899e-03  1.853053e-02  2.897921e+00  5.370000e-02  6.883793e-04  1.500000e+03  7.311422e-02  9.098446e-03  1.471107e-01  1.181485e-01  9.613510e-03  6.816184e-03  2.242582e-07  1.991650e-06  6.360962e-01  1.000000e+00  
2.125500e-03  1.854593e-02  2.895514e+00  5.370000e-02  7.289774e-04  1.500000e+03  7.325050e-02  8.975088e-03  1.476992e-01  1.172092e-01  9.463009e-03  6.776030e-03  2.219324e-07  1.977482e-06  6.366248e-01  1.000000e+00  
2.457221e-03  1.858833e-02  2.888909e+00  5.370000e-02  8.436728e-04  1.500000e+03  7.362993e-02  8.635050e-03  1.493185e-01  1.146182e-01  9.052404e-03  6.663350e-03  2.154236e-07  1.937465e-06  6.380804e-01  1.000000e+00  
2.788941e-03  1.862924e-02  2.882565e+00  5.370000e-02  9.586255e-04  1.500000e+03  7.400245e-02  8.306592e-03  1.508793e-01  1.121117e-01  8.661545e-03  6.551634e-03  2.090008e-07  1.897442e-06  6.394847e-01  1.000000e+00  
3.120662e-03  1.866871e-02  2.876471e+00  5.370000e-02  1.073827e-03  1.500000e+03  7.436864e-02  7.989544e-03  1.523834e-01  1.096863e-01  8.289457e-03  6.440993e-03  2.026754e-07  1.857500e-06  6.408396e-01  1.000000e+00  
3.452382e-03  1.870680e-02  2.870615e+00  5.370000e-02  1.189267e-03  1.500000e+03  7.472902e-02  7.683715e-03  1.538324e-01  1.073392e-01  7.935207e-03  6.331533e-03  1.964569e-07  1.817721e-06  6.421470e-01  1.000000e+00  
3.784103e-03  1.874354e-02  2.864986e+00  5.370000e-02  1.304939e-03  1.500000e+03  7.508405e-02  7.388890e-03  1.552280e-01  1.050674e-01  7.597911e-03  6.223344e-03  1.903539e-07  1.778176e-06  6.434084e-01  1.000000e+00  
4.115824e-03  1.877901e-02  2.859576e+00  5.370000e-02  1.420833e-03  1.500000e+03  7.543416e-02  7.104843e-03  1.565720e-01  1.028681e-01  7.276726e-03  6.116505e-03  1.843737e-07  1.738933e-06  6.446257e-01  1.000000e+00  
4.447544e-03  1.881323e-02  2.854375e+00  5.370000e-02  1.536943e-03  1.500000e+03  7.577973e-02  6.831332e-03  1.578660e-01  1.007386e-01  6.970851e-03  6.011085e-03  1.785225e-07  1.700049e-06  6.458004e-01  1.000000e+00  
4.779265e-03  1.884626e-02  2.849372e+00  5.370000e-02  1.653261e-03  1.500000e+03  7.612108e-02  6.568099e-03  1.591118e-01  9.867626e-02  6.679524e-03  5.907147e-03  1.728052e-07  1.661578e-06  6.469342e-01  1.000000e+00  
5.110986e-03  1.887814e-02  2.844560e+00  5.370000e-02  1.769779e-03  1.500000e+03  7.645849e-02  6.314880e-03  1.603109e-01  9.667848e-02  6.402019e-03  5.804741e-03  1.672255e-07  1.623568e-06  6.480287e-01  1.000000e+00  
5.442706e-03  1.890892e-02  2.839930e+00  5.370000e-02  1.886490e-03  1.500000e+03  7.679223e-02  6.071403e-03  1.614650e-01  9.474284e-02  6.137649e-03  5.703911e-03  1.617869e-07  1.586060e-06  6.490852e-01  1.000000e+00  
5.774427e-03  1.893863e-02  2.835474e+00  5.370000e-02  2.003388e-03  1.500000e+03  7.712251e-02  5.837391e-03  1.625757e-01  9.286697e-02  5.885759e-03  5.604694e-03  1.564917e-07  1.549092e-06  6.501053e-01  1.000000e+00  
6.106148e-03  1.896733e-02  2.831184e+00  5.370000e-02  2.120467e-03  1.500000e+03  7.744953e-02  5.612564e-03  1.636445e-01  9.104860e-02  5.645726e-03  5.507120e-03  1.513411e-07  1.512696e-06  6.510903e-01  1.000000e+00  
6.437868e-03  1.899504e-02  2.827053e+00  5.370000e-02  2.237720e-03  1.500000e+03  7.777344e-02  5.396636e-03  1.646729e-01  8.928556e-02  5.416960e-03  5.411213e-03  1.463360e-07  1.476899e-06  6.520417e-01  1.000000e+00  
6.769589e-03  1.902182e-02  2.823074e+00  5.370000e-02  2.355141e-03  1.500000e+03  7.809438e-02  5.189323e-03  1.656625e-01  8.757574e-02  5.198899e-03  5.316992e-03  1.414765e-07  1.441726e-06  6.529606e-01  1.000000e+00  
7.101310e-03  1.904768e-02  2.819241e+00  5.370000e-02  2.472725e-03  1.500000e+03  7.841246e-02  4.990344e-03  1.666146e-01  8.591714e-02  4.991012e-03  5.224470e-03  1.367627e-07  1.407195e-06  6.538485e-01  1.000000e+00  
7.433030e-03  1.907267e-02  2.815547e+00  5.370000e-02  2.590466e-03  1.500000e+03  7.872777e-02  4.799416e-03  1.675307e-01  8.430782e-02  4.792793e-03  5.133654e-03  1.321935e-07  1.373325e-06  6.547064e-01  1.000000e+00  
7.764751e-03  1.909683e-02  2.811985e+00  5.370000e-02  2.708358e-03  1.500000e+03  7.904039e-02  4.616258e-03  1.684121e-01  8.274594e-02  4.603760e-03  5.044551e-03  1.277674e-07  1.340127e-06  6.555355e-01  1.000000e+00  
8.273542e-03  1.913232e-02  2.806769e+00  5.370000e-02  2.889464e-03  1.500000e+03  7.951476e-02  4.349805e-03  1.696997e-01  8.043850e-02  4.330639e-03  4.911214e-03  1.212531e-07  1.290540e-06  6.567540e-01  1.000000e+00  
8.782332e-03  1.916604e-02  2.801831e+00  5.370000e-02  3.070898e-03  1.500000e+03  7.998304e-02  4.100004e-03  1.709135e-01  7.823243e-02  4.076524e-03  4.781889e-03  1.150649e-07  1.242584e-06  6.579112e-01  1.000000e+00  
9.291123e-03  1.919807e-02  2.797156e+00  5.370000e-02  3.252644e-03  1.500000e+03  8.044534e-02  3.865903e-03  1.720579e-01  7.612203e-02  3.839995e-03  4.656539e-03  1.091937e-07  1.196268e-06  6.590110e-01  1.000000e+00  
9.799914e-03  1.922853e-02  2.792725e+00  5.370000e-02  3.434685e-03  1.500000e+03  8.090167e-02  3.646590e-03  1.731370e-01  7.410201e-02  3.619724e-03  4.535134e-03  1.036284e-07  1.151599e-06  6.600566e-01  1.000000e+00  
1.030870e-02  1.925751e-02  2.788523e+00  5.370000e-02  3.617008e-03  1.500000e+03  8.135192e-02  3.441159e-03  1.741549e-01  7.216748e-02  3.414501e-03  4.417611e-03  9.835723e-08  1.108563e-06  6.610512e-01  1.000000e+00  
1.081749e-02  1.928509e-02  2.784535e+00  5.370000e-02  3.799598e-03  1.500000e+03  8.179609e-02  3.248777e-03  1.751152e-01  7.031375e-02  3.223226e-03  4.303894e-03  9.337145e-08  1.067142e-06  6.619979e-01  1.000000e+00  
1.132629e-02  1.931135e-02  2.780749e+00  5.370000e-02  3.982444e-03  1.500000e+03  8.223429e-02  3.068680e-03  1.760214e-01  6.853638e-02  3.044868e-03  4.193916e-03  8.866293e-08  1.027321e-06  6.628993e-01  1.000000e+00  
1.166535e-02  1.932815e-02  2.778330e+00  5.370000e-02  4.104430e-03  1.500000e+03  8.252280e-02  2.955066e-03  1.765970e-01  6.739239e-02  2.932689e-03  4.122662e-03  8.566604e-08  1.001647e-06  6.634763e-01  1.000000e+00  
1.189753e-02  1.933936e-02  2.776721e+00  5.370000e-02  4.188022e-03  1.500000e+03  8.271870e-02  2.880074e-03  1.769787e-01  6.662701e-02  2.858797e-03  4.074794e-03  8.367931e-08  9.844602e-07  6.638609e-01  1.000000e+00  
1.212971e-02  1.935032e-02  2.775148e+00  5.370000e-02  4.271663e-03  1.500000e+03  8.291331e-02  2.807306e-03  1.773505e-01  6.587580e-02  2.787189e-03  4.027666e-03  8.174414e-08  9.675940e-07  6.642372e-01  1.000000e+00  
1.236189e-02  1.936105e-02  2.773610e+00  5.370000e-02  4.355350e-03  1.500000e+03  8.310661e-02  2.736697e-03  1.777127e-01  6.513842e-02  2.717786e-03  3.981269e-03  7.985896e-08  9.510409e-07  6.646054e-01  1.000000e+00  
1.259407e-02  1.937155e-02  2.772107e+00  5.370000e-02  4.439083e-03  1.500000e+03  8.329858e-02  2.668173e-03  1.780658e-01  6.441455e-02  2.650511e-03  3.935595e-03  7.802342e-08  9.347963e-07  6.649658e-01  1.000000e+00  
1.282625e-02  1.938182e-02  2.770637e+00  5.370000e-02  4.522861e-03  1.500000e+03  8.348918e-02  2.601667e-03  1.784098e-01  6.370388e-02  2.585292e-03  3.890636e-03  7.623549e-08  9.188577e-07  6.653186e-01  1.000000e+00  
1.305843e-02  1.939188e-02  2.769200e+00  5.370000e-02  4.606683e-03  1.500000e+03  8.367843e-02  2.537123e-03  1.787450e-01  6.300608e-02  2.522060e-03  3.846381e-03  7.449377e-08  9.032212e-07  6.656639e-01  1.000000e+00  
1.329061e-02  1.940173e-02  2.767794e+00  5.370000e-02  4.690548e-03  1.500000e+03  8.386631e-02  2.474482e-03  1.790718e-01  6.232085e-02  2.460747e-03  3.802821e-03  7.279810e-08  8.878818e-07  6.660020e-01  1.000000e+00  
1.352279e-02  1.941138e-02  2.766419e+00  5.370000e-02  4.774456e-03  1.500000e+03  8.405283e-02  2.413685e-03  1.793904e-01  6.164789e-02  2.401287e-03  3.759948e-03  7.114711e-08  8.728354e-07  6.663330e-01  1.000000e+00  
1.375497e-02  1.942082e-02  2.765074e+00  5.370000e-02  4.858404e-03  1.500000e+03  8.423796e-02  2.354672e-03  1.797009e-01  6.098693e-02  2.343618e-03  3.717751e-03  6.953889e-08  8.580781e-07  6.666572e-01  1.000000e+00  
1.398715e-02  1.943007e-02  2.763757e+00  5.370000e-02  4.942393e-03  1.500000e+03  8.442170e-02  2.297390e-03  1.800037e-01  6.033767e-02  2.287679e-03  3.676221e-03  6.797305e-08  8.436054e-07  6.669747e-01  1.000000e+00  
1.421933e-02  1.943913e-02  2.762469e+00  5.370000e-02  5.026422e-03  1.500000e+03  8.460404e-02  2.241787e-03  1.802989e-01  5.969986e-02  2.233412e-03  3.635349e-03  6.644904e-08  8.294128e-07  6.672857e-01  1.000000e+00  
1.445151e-02  1.944800e-02  2.761209e+00  5.370000e-02  5.110489e-03  1.500000e+03  8.478498e-02  2.187809e-03  1.805868e-01  5.907322e-02  2.180760e-03  3.595125e-03  6.496474e-08  8.154956e-07  6.675904e-01  1.000000e+00  
1.480664e-02  1.946123e-02  2.759332e+00  5.370000e-02  5.239148e-03  1.500000e+03  8.505902e-02  2.108277e-03  1.810135e-01  5.813578e-02  2.103228e-03  3.534832e-03  6.276865e-08  7.947318e-07  6.680445e-01  1.000000e+00  
1.516178e-02  1.947406e-02  2.757515e+00  5.370000e-02  5.367893e-03  1.500000e+03  8.532973e-02  2.032254e-03  1.814243e-01  5.722301e-02  2.029163e-03  3.475999e-03  6.066120e-08  7.745863e-07  6.684847e-01  1.000000e+00  
1.551691e-02  1.948649e-02  2.755755e+00  5.370000e-02  5.496722e-03  1.500000e+03  8.559711e-02  1.959576e-03  1.818198e-01  5.633407e-02  1.958388e-03  3.418590e-03  5.863996e-08  7.550426e-07  6.689116e-01  1.000000e+00  
1.587204e-02  1.949856e-02  2.754050e+00  5.370000e-02  5.625632e-03  1.500000e+03  8.586114e-02  1.890084e-03  1.822008e-01  5.546813e-02  1.890739e-03  3.362573e-03  5.669848e-08  7.360845e-07  6.693257e-01  1.000000e+00  
1.622718e-02  1.951026e-02  2.752398e+00  5.370000e-02  5.754620e-03  1.500000e+03  8.612182e-02  1.823625e-03  1.825679e-01  5.462442e-02  1.826058e-03  3.307914e-03  5.483231e-08  7.176962e-07  6.697275e-01  1.000000e+00  
1.676644e-02  1.952738e-02  2.749985e+00  5.370000e-02  5.950633e-03  1.500000e+03  8.651121e-02  1.728185e-03  1.831001e-01  5.338411e-02  1.733183e-03  3.227435e-03  5.214283e-08  6.908272e-07  6.703150e-01  1.000000e+00  
1.730571e-02  1.954374e-02  2.747682e+00  5.370000e-02  6.146813e-03  1.500000e+03  8.689284e-02  1.638931e-03  1.836036e-01  5.219087e-02  1.646323e-03  3.149892e-03  4.961633e-08  6.651788e-07  6.708768e-01  1.000000e+00  
1.784497e-02  1.955940e-02  2.745482e+00  5.370000e-02  6.343154e-03  1.500000e+03  8.726671e-02  1.555422e-03  1.840802e-01  5.104237e-02  1.565032e-03  3.075174e-03  4.723645e-08  6.406971e-07  6.714144e-01  1.000000e+00  
1.838424e-02  1.957439e-02  2.743380e+00  5.370000e-02  6.539649e-03  1.500000e+03  8.763285e-02  1.477244e-03  1.845318e-01  4.993642e-02  1.488897e-03  3.003169e-03  4.499554e-08  6.173289e-07  6.719289e-01  1.000000e+00  
1.892351e-02  1.958875e-02  2.741369e+00  5.370000e-02  6.736292e-03  1.500000e+03  8.799128e-02  1.404015e-03  1.849599e-01  4.887096e-02  1.417541e-03  2.933768e-03  4.289482e-08  5.950225e-07  6.724219e-01  1.000000e+00  
1.946277e-02  1.960252e-02  2.739444e+00  5.370000e-02  6.933076e-03  1.500000e+03  8.834207e-02  1.335385e-03  1.853660e-01  4.784405e-02  1.350616e-03  2.866868e-03  4.092194e-08  5.737282e-07  6.728944e-01  1.000000e+00  
2.000204e-02  1.961572e-02  2.737600e+00  5.370000e-02  7.129995e-03  1.500000e+03  8.868529e-02  1.271027e-03  1.857516e-01  4.685386e-02  1.287800e-03  2.802366e-03  3.904811e-08  5.533972e-07  6.733475e-01  1.000000e+00  
2.054130e-02  1.962839e-02  2.735834e+00  5.370000e-02  7.327044e-03  1.500000e+03  8.902101e-02  1.210639e-03  1.861178e-01  4.589865e-02  1.228799e-03  2.740164e-03  3.726990e-08  5.339835e-07  6.737823e-01  1.000000e+00  
2.108057e-02  1.964055e-02  2.734139e+00  5.370000e-02  7.524217e-03  1.500000e+03  8.934932e-02  1.153936e-03  1.864660e-01  4.497681e-02  1.173340e-03  2.680167e-03  3.562426e-08  5.154427e-07  6.741998e-01  1.000000e+00  
2.161983e-02  1.965223e-02  2.732514e+00  5.370000e-02  7.721510e-03  1.500000e+03  8.967030e-02  1.100657e-03  1.867973e-01  4.408681e-02  1.121172e-03  2.622284e-03  3.410924e-08  4.977310e-07  6.746010e-01  1.000000e+00  
2.215910e-02  1.966347e-02  2.730953e+00  5.370000e-02  7.918919e-03  1.500000e+03  8.998411e-02  1.050574e-03  1.871126e-01  4.322717e-02  1.072067e-03  2.566425e-03  3.262581e-08  4.808086e-07  6.749865e-01  1.000000e+00  
2.269837e-02  1.967427e-02  2.729453e+00  5.370000e-02  8.116438e-03  1.500000e+03  9.029084e-02  1.003461e-03  1.874130e-01  4.239651e-02  1.025810e-03  2.512507e-03  3.117317e-08  4.646361e-07  6.753574e-01  1.000000e+00  
2.323763e-02  1.968467e-02  2.728012e+00  5.370000e-02  8.314063e-03  1.500000e+03  9.059058e-02  9.591030e-04  1.876994e-01  4.159358e-02  9.822026e-04  2.460448e-03  2.987350e-08  4.491751e-07  6.757142e-01  1.000000e+00  
2.377690e-02  1.969467e-02  2.726625e+00  5.370000e-02  8.511791e-03  1.500000e+03  9.088348e-02  9.173160e-04  1.879726e-01  4.081712e-02  9.410678e-04  2.410170e-03  2.877202e-08  4.343922e-07  6.760578e-01  1.000000e+00  
2.431616e-02  1.970432e-02  2.725291e+00  5.370000e-02  8.709617e-03  1.500000e+03  9.116971e-02  8.779340e-04  1.882333e-01  4.006595e-02  9.022364e-04  2.361599e-03  2.761679e-08  4.202549e-07  6.763888e-01  1.000000e+00  
2.485543e-02  1.971361e-02  2.724006e+00  5.370000e-02  8.907539e-03  1.500000e+03  9.144937e-02  8.407910e-04  1.884824e-01  3.933898e-02  8.655495e-04  2.314661e-03  2.615630e-08  4.067244e-07  6.767078e-01  1.000000e+00  
2.539470e-02  1.972257e-02  2.722769e+00  5.370000e-02  9.105552e-03  1.500000e+03  9.172260e-02  8.057333e-04  1.887205e-01  3.863518e-02  8.308716e-04  2.269286e-03  2.482067e-08  3.937724e-07  6.770154e-01  1.000000e+00  
2.593396e-02  1.973122e-02  2.721576e+00  5.370000e-02  9.303653e-03  1.500000e+03  9.198951e-02  7.726074e-04  1.889482e-01  3.795356e-02  7.980656e-04  2.225419e-03  2.438749e-08  3.813786e-07  6.773122e-01  1.000000e+00  
2.647323e-02  1.973956e-02  2.720425e+00  5.370000e-02  9.501840e-03  1.500000e+03  9.225020e-02  7.412791e-04  1.891663e-01  3.729323e-02  7.670049e-04  2.182989e-03  2.451359e-08  3.695096e-07  6.775986e-01  1.000000e+00  
2.681748e-02  1.974474e-02  2.719712e+00  5.370000e-02  9.628402e-03  1.500000e+03  9.241353e-02  7.221926e-04  1.893005e-01  3.688234e-02  7.480470e-04  2.156625e-03  2.308633e-08  3.621917e-07  6.777763e-01  1.000000e+00  
2.701616e-02  1.974767e-02  2.719308e+00  5.370000e-02  9.701459e-03  1.500000e+03  9.250672e-02  7.114913e-04  1.893764e-01  3.664887e-02  7.373975e-04  2.141659e-03  2.206848e-08  3.580573e-07  6.778771e-01  1.000000e+00  
2.721484e-02  1.975057e-02  2.718908e+00  5.370000e-02  9.774526e-03  1.500000e+03  9.259910e-02  7.010010e-04  1.894510e-01  3.641806e-02  7.269544e-04  2.126871e-03  2.242850e-08  3.539885e-07  6.779766e-01  1.000000e+00  
2.741352e-02  1.975344e-02  2.718514e+00  5.370000e-02  9.847604e-03  1.500000e+03  9.269067e-02  6.907112e-04  1.895245e-01  3.618986e-02  7.167161e-04  2.112262e-03  2.350377e-08  3.499861e-07  6.780749e-01  1.000000e+00  
2.761219e-02  1.975626e-02  2.718126e+00  5.370000e-02  9.920692e-03  1.500000e+03  9.278143e-02  6.806195e-04  1.895969e-01  3.596425e-02  7.066727e-04  2.097829e-03  2.208903e-08  3.460426e-07  6.781719e-01  1.000000e+00  
2.772625e-02  1.975787e-02  2.717904e+00  5.370000e-02  9.962656e-03  1.500000e+03  9.283319e-02  6.749214e-04  1.896380e-01  3.583586e-02  7.009946e-04  2.089617e-03  2.135303e-08  3.438038e-07  6.782271e-01  1.000000e+00  
2.779883e-02  1.975889e-02  2.717765e+00  5.370000e-02  9.989358e-03  1.500000e+03  9.286601e-02  6.713332e-04  1.896639e-01  3.575460e-02  6.974157e-04  2.084422e-03  2.125893e-08  3.423903e-07  6.782620e-01  1.000000e+00  
2.787140e-02  1.975990e-02  2.717625e+00  5.370000e-02  1.001606e-02  1.500000e+03  9.289872e-02  6.677709e-04  1.896897e-01  3.567367e-02  6.938615e-04  2.079249e-03  2.114270e-08  3.409854e-07  6.782967e-01  1.000000e+00  
2.794397e-02  1.976090e-02  2.717487e+00  5.370000e-02  1.004277e-02  1.500000e+03  9.293133e-02  6.642334e-04  1.897153e-01  3.559307e-02  6.903322e-04  2.074099e-03  2.103886e-08  3.395886e-07  6.783313e-01  1.000000e+00  
2.801654e-02  1.976191e-02  2.717349e+00  5.370000e-02  1.006947e-02  1.500000e+03  9.296383e-02  6.607206e-04  1.897408e-01  3.551280e-02  6.868277e-04  2.068972e-03  2.093171e-08  3.381995e-07  6.783657e-01  1.000000e+00  
2.808911e-02  1.976291e-02  2.717212e+00  5.370000e-02  1.009618e-02  1.500000e+03  9.299623e-02  6.572329e-04  1.897662e-01  3.543285e-02  6.833479e-04  2.063866e-03  2.082345e-08  3.368182e-07  6.784000e-01  1.000000e+00  
2.821091e-02  1.976457e-02  2.716983e+00  5.370000e-02  1.014101e-02  1.500000e+03  9.305039e-02  6.514354e-04  1.898084e-01  3.529941e-02  6.775621e-04  2.055347e-03  2.064769e-08  3.345175e-07  6.784571e-01  1.000000e+00  
2.833271e-02  1.976622e-02  2.716756e+00  5.370000e-02  1.018584e-02  1.500000e+03  9.310425e-02  6.457076e-04  1.898502e-01  3.516687e-02  6.718439e-04  2.046889e-03  2.047426e-08  3.322384e-07  6.785138e-01  1.000000e+00  
2.845451e-02  1.976786e-02  2.716530e+00  5.370000e-02  1.023067e-02  1.500000e+03  9.315784e-02  6.400485e-04  1.898917e-01  3.503524e-02  6.661924e-04  2.038492e-03  2.030137e-08  3.299806e-07  6.785701e-01  1.000000e+00  
2.857631e-02  1.976949e-02  2.716307e+00  5.370000e-02  1.027551e-02  1.500000e+03  9.321114e-02  6.344570e-04  1.899328e-01  3.490449e-02  6.606065e-04  2.030155e-03  2.013094e-08  3.277439e-07  6.786260e-01  1.000000e+00  
2.886408e-02  1.977329e-02  2.715785e+00  5.370000e-02  1.038146e-02  1.500000e+03  9.333598e-02  6.215096e-04  1.900283e-01  3.459906e-02  6.476644e-04  2.010693e-03  1.973684e-08  3.225419e-07  6.787564e-01  1.000000e+00  
2.929952e-02  1.977891e-02  2.715013e+00  5.370000e-02  1.054182e-02  1.500000e+03  9.352197e-02  6.025992e-04  1.901691e-01  3.414602e-02  6.287417e-04  1.981862e-03  1.915937e-08  3.148850e-07  6.789494e-01  1.000000e+00  
2.973496e-02  1.978439e-02  2.714261e+00  5.370000e-02  1.070223e-02  1.500000e+03  9.370451e-02  5.844716e-04  1.903053e-01  3.370364e-02  6.105791e-04  1.953752e-03  1.860671e-08  3.074776e-07  6.791374e-01  1.000000e+00  
3.017041e-02  1.978972e-02  2.713530e+00  5.370000e-02  1.086268e-02  1.500000e+03  9.388369e-02  5.670877e-04  1.904373e-01  3.327159e-02  5.931390e-04  1.926339e-03  1.807362e-08  3.003098e-07  6.793206e-01  1.000000e+00  
3.060585e-02  1.979492e-02  2.712817e+00  5.370000e-02  1.102317e-02  1.500000e+03  9.405957e-02  5.504100e-04  1.905651e-01  3.284952e-02  5.763859e-04  1.899602e-03  1.756078e-08  2.933723e-07  6.794991e-01  1.000000e+00  
3.104129e-02  1.979999e-02  2.712122e+00  5.370000e-02  1.118370e-02  1.500000e+03  9.423222e-02  5.344036e-04  1.906891e-01  3.243713e-02  5.602864e-04  1.873516e-03  1.706952e-08  2.866559e-07  6.796731e-01  1.000000e+00  
3.171643e-02  1.980760e-02  2.711080e+00  5.370000e-02  1.143268e-02  1.500000e+03  9.449370e-02  5.108369e-04  1.908738e-01  3.181616e-02  5.365440e-04  1.834314e-03  1.634434e-08  2.766599e-07  6.799343e-01  1.000000e+00  
3.239156e-02  1.981493e-02  2.710078e+00  5.370000e-02  1.168176e-02  1.500000e+03  9.474783e-02  4.886898e-04  1.910501e-01  3.121663e-02  5.141881e-04  1.796556e-03  1.566089e-08  2.671450e-07  6.801857e-01  1.000000e+00  
3.306670e-02  1.982198e-02  2.709114e+00  5.370000e-02  1.193092e-02  1.500000e+03  9.499486e-02  4.678576e-04  1.912184e-01  3.063752e-02  4.931189e-04  1.760170e-03  1.501747e-08  2.580828e-07  6.804278e-01  1.000000e+00  
3.374183e-02  1.982877e-02  2.708186e+00  5.370000e-02  1.218018e-02  1.500000e+03  9.523505e-02  4.482446e-04  1.913792e-01  3.007789e-02  4.732443e-04  1.725091e-03  1.441003e-08  2.494469e-07  6.806610e-01  1.000000e+00  
3.441697e-02  1.983532e-02  2.707292e+00  5.370000e-02  1.242951e-02  1.500000e+03  9.546860e-02  4.297632e-04  1.915330e-01  2.953683e-02  4.544805e-04  1.691254e-03  1.383492e-08  2.412126e-07  6.808858e-01  1.000000e+00  
3.509210e-02  1.984164e-02  2.706430e+00  5.370000e-02  1.267893e-02  1.500000e+03  9.569576e-02  4.123327e-04  1.916802e-01  2.901350e-02  4.367507e-04  1.658603e-03  1.329244e-08  2.333572e-07  6.811026e-01  1.000000e+00  
3.576724e-02  1.984773e-02  2.705599e+00  5.370000e-02  1.292842e-02  1.500000e+03  9.591673e-02  3.958791e-04  1.918212e-01  2.850708e-02  4.199838e-04  1.627080e-03  1.278172e-08  2.258590e-07  6.813118e-01  1.000000e+00  
3.644237e-02  1.985362e-02  2.704797e+00  5.370000e-02  1.317799e-02  1.500000e+03  9.613173e-02  3.803351e-04  1.919563e-01  2.801683e-02  4.041147e-04  1.596632e-03  1.229627e-08  2.186979e-07  6.815138e-01  1.000000e+00  
3.711751e-02  1.985930e-02  2.704023e+00  5.370000e-02  1.342763e-02  1.500000e+03  9.634096e-02  3.656382e-04  1.920859e-01  2.754203e-02  3.890832e-04  1.567210e-03  1.183276e-08  2.118551e-07  6.817089e-01  1.000000e+00  
3.779265e-02  1.986479e-02  2.703275e+00  5.370000e-02  1.367735e-02  1.500000e+03  9.654461e-02  3.517306e-04  1.922103e-01  2.708199e-02  3.748341e-04  1.538767e-03  1.139746e-08  2.053130e-07  6.818975e-01  1.000000e+00  
3.882624e-02  1.987286e-02  2.702178e+00  5.370000e-02  1.405977e-02  1.500000e+03  9.684604e-02  3.318491e-04  1.923914e-01  2.640488e-02  3.544202e-04  1.497018e-03  1.077849e-08  1.958426e-07  6.821742e-01  1.000000e+00  
3.985983e-02  1.988052e-02  2.701136e+00  5.370000e-02  1.444235e-02  1.500000e+03  9.713550e-02  3.135239e-04  1.925618e-01  2.575874e-02  3.355555e-04  1.457311e-03  1.020870e-08  1.869843e-07  6.824374e-01  1.000000e+00  
4.089342e-02  1.988782e-02  2.700145e+00  5.370000e-02  1.482507e-02  1.500000e+03  9.741361e-02  2.966045e-04  1.927225e-01  2.514163e-02  3.180935e-04  1.419508e-03  9.672467e-09  1.786885e-07  6.826879e-01  1.000000e+00  
4.192702e-02  1.989477e-02  2.699201e+00  5.370000e-02  1.520793e-02  1.500000e+03  9.768095e-02  2.809569e-04  1.928742e-01  2.455171e-02  3.019044e-04  1.383486e-03  9.167621e-09  1.709108e-07  6.829266e-01  1.000000e+00  
4.296061e-02  1.990141e-02  2.698302e+00  5.370000e-02  1.559092e-02  1.500000e+03  9.793807e-02  2.664605e-04  1.930177e-01  2.398733e-02  2.868705e-04  1.349129e-03  8.708602e-09  1.636107e-07  6.831543e-01  1.000000e+00  
4.399420e-02  1.990774e-02  2.697443e+00  5.370000e-02  1.597404e-02  1.500000e+03  9.818549e-02  2.530104e-04  1.931535e-01  2.344693e-02  2.728892e-04  1.316330e-03  8.297795e-09  1.567511e-07  6.833717e-01  1.000000e+00  
4.502779e-02  1.991379e-02  2.696623e+00  5.370000e-02  1.635727e-02  1.500000e+03  9.842370e-02  2.405125e-04  1.932822e-01  2.292909e-02  2.598680e-04  1.284992e-03  7.899543e-09  1.502991e-07  6.835795e-01  1.000000e+00  
4.606139e-02  1.991958e-02  2.695840e+00  5.370000e-02  1.674062e-02  1.500000e+03  9.865315e-02  2.288805e-04  1.934044e-01  2.243248e-02  2.477223e-04  1.255024e-03  7.487035e-09  1.442233e-07  6.837782e-01  1.000000e+00  
4.709498e-02  1.992513e-02  2.695090e+00  5.370000e-02  1.712408e-02  1.500000e+03  9.887428e-02  2.180407e-04  1.935205e-01  2.195587e-02  2.363800e-04  1.226343e-03  7.120142e-09  1.384965e-07  6.839685e-01  1.000000e+00  
4.812857e-02  1.993044e-02  2.694372e+00  5.370000e-02  1.750764e-02  1.500000e+03  9.908750e-02  2.079235e-04  1.936309e-01  2.149814e-02  2.257720e-04  1.198873e-03  6.884162e-09  1.330941e-07  6.841508e-01  1.000000e+00  
4.916217e-02  1.993553e-02  2.693683e+00  5.370000e-02  1.789130e-02  1.500000e+03  9.929319e-02  1.984683e-04  1.937360e-01  2.105823e-02  2.158383e-04  1.172540e-03  6.683283e-09  1.279911e-07  6.843256e-01  1.000000e+00  
5.019576e-02  1.994042e-02  2.693023e+00  5.370000e-02  1.827505e-02  1.500000e+03  9.949173e-02  1.896245e-04  1.938362e-01  2.063515e-02  2.065273e-04  1.147280e-03  6.250644e-09  1.231678e-07  6.844934e-01  1.000000e+00  
