time          x             rho           u             mdot          T             H2            O2            H2O           H             O             OH            HO2           H2O2          AR            sumfracs      
1.000000e+004  0.000000e+000  3.106256e-002  1.490540e+000  4.630000e-002  3.737000e+002  2.702994e-001  9.094970e-002  5.905078e-004  1.601390e-004  9.377095e-009  1.797477e-005  1.531271e-005  5.034341e-007  6.379665e-001  1.000000e+000  
1.000000e+004  5.000000e-005  3.085708e-002  1.500466e+000  4.630000e-002  3.762541e+002  2.701436e-001  9.095354e-002  6.239930e-004  1.620033e-004  9.770506e-009  1.874378e-005  1.633497e-005  5.372941e-007  6.380812e-001  1.000000e+000  
1.000000e+004  1.250000e-004  3.055732e-002  1.515185e+000  4.630000e-002  3.800443e+002  2.699037e-001  9.095903e-002  6.760098e-004  1.701279e-004  1.164474e-008  1.996323e-005  1.744436e-005  5.849469e-007  6.382532e-001  1.000000e+000  
1.000000e+004  1.750000e-004  3.035494e-002  1.525287e+000  4.630000e-002  3.826453e+002  2.697395e-001  9.096196e-002  7.130882e-004  1.772388e-004  1.332919e-008  2.082868e-005  1.810187e-005  6.174464e-007  6.383687e-001  1.000000e+000  
1.000000e+004  2.250000e-004  3.015260e-002  1.535523e+000  4.630000e-002  3.852811e+002  2.695722e-001  9.096442e-002  7.517413e-004  1.859674e-004  1.543578e-008  2.173039e-005  1.866188e-005  6.496021e-007  6.384846e-001  1.000000e+000  
1.000000e+004  2.750000e-004  2.995022e-002  1.545899e+000  4.630000e-002  3.879532e+002  2.694020e-001  9.096639e-002  7.920164e-004  1.962843e-004  1.800312e-008  2.266718e-005  1.913010e-005  6.813042e-007  6.386009e-001  1.000000e+000  
1.000000e+004  3.250000e-004  2.974778e-002  1.556419e+000  4.630000e-002  3.906627e+002  2.692286e-001  9.096785e-002  8.339610e-004  2.081781e-004  2.109265e-008  2.363736e-005  1.951164e-005  7.124525e-007  6.387175e-001  1.000000e+000  
1.000000e+004  3.750000e-004  2.954529e-002  1.567085e+000  4.630000e-002  3.934104e+002  2.690523e-001  9.096876e-002  8.776194e-004  2.216513e-004  2.478705e-008  2.463868e-005  1.981119e-005  7.429570e-007  6.388345e-001  1.000000e+000  
1.000000e+004  4.250000e-004  2.934279e-002  1.577901e+000  4.630000e-002  3.961964e+002  2.688729e-001  9.096910e-002  9.230339e-004  2.367177e-004  2.919084e-008  2.566838e-005  2.003324e-005  7.727380e-007  6.389518e-001  1.000000e+000  
1.000000e+004  4.750000e-004  2.914031e-002  1.588864e+000  4.630000e-002  3.990211e+002  2.686904e-001  9.096885e-002  9.702491e-004  2.533999e-004  3.443251e-008  2.672321e-005  2.018219e-005  8.017265e-007  6.390694e-001  1.000000e+000  
1.000000e+004  5.250000e-004  2.893793e-002  1.599976e+000  4.630000e-002  4.018842e+002  2.685048e-001  9.096798e-002  1.019310e-003  2.717276e-004  4.066783e-008  2.779946e-005  2.026239e-005  8.298637e-007  6.391873e-001  1.000000e+000  
1.000000e+004  5.750000e-004  2.873572e-002  1.611235e+000  4.630000e-002  4.047854e+002  2.683160e-001  9.096646e-002  1.070263e-003  2.917359e-004  4.808418e-008  2.889305e-005  2.027824e-005  8.571012e-007  6.393054e-001  1.000000e+000  
1.000000e+004  6.100000e-004  2.859395e-002  1.619224e+000  4.630000e-002  4.068441e+002  2.681816e-001  9.096493e-002  1.107322e-003  3.069576e-004  5.426412e-008  2.966819e-005  2.024738e-005  8.755248e-007  6.393884e-001  1.000000e+000  
1.000000e+004  6.300000e-004  2.851237e-002  1.623857e+000  4.630000e-002  4.080379e+002  2.681039e-001  9.096381e-002  1.129130e-003  3.159581e-004  5.809408e-008  3.011766e-005  2.022012e-005  8.860866e-007  6.394359e-001  1.000000e+000  
1.000000e+004  6.600000e-004  2.839032e-002  1.630838e+000  4.630000e-002  4.098369e+002  2.679867e-001  9.096197e-002  1.162314e-003  3.298769e-004  6.425431e-008  3.079350e-005  2.016576e-005  9.016906e-007  6.395072e-001  1.000000e+000  
1.000000e+004  6.900000e-004  2.826883e-002  1.637846e+000  4.630000e-002  4.116433e+002  2.678682e-001  9.095990e-002  1.196186e-003  3.446422e-004  7.129090e-008  3.146727e-005  2.008675e-005  9.166545e-007  6.395785e-001  1.000000e+000  
1.000000e+004  7.100000e-004  2.818752e-002  1.642571e+000  4.630000e-002  4.128610e+002  2.677885e-001  9.095831e-002  1.219320e-003  3.547938e-004  7.635991e-008  3.192014e-005  2.002533e-005  9.265895e-007  6.396261e-001  1.000000e+000  
1.000000e+004  7.300000e-004  2.810628e-002  1.647319e+000  4.630000e-002  4.140847e+002  2.677082e-001  9.095660e-002  1.242796e-003  3.652404e-004  8.179807e-008  3.237312e-005  1.995610e-005  9.363666e-007  6.396738e-001  1.000000e+000  
1.000000e+004  7.500000e-004  2.802513e-002  1.652089e+000  4.630000e-002  4.153141e+002  2.676274e-001  9.095475e-002  1.266615e-003  3.759849e-004  8.763217e-008  3.282589e-005  1.987933e-005  9.459854e-007  6.397215e-001  1.000000e+000  
1.000000e+004  7.700000e-004  2.794407e-002  1.656881e+000  4.630000e-002  4.165494e+002  2.675461e-001  9.095278e-002  1.290781e-003  3.870302e-004  9.389087e-008  3.327815e-005  1.979533e-005  9.554454e-007  6.397692e-001  1.000000e+000  
1.000000e+004  7.900000e-004  2.786311e-002  1.661695e+000  4.630000e-002  4.177904e+002  2.674642e-001  9.095068e-002  1.315297e-003  3.983791e-004  1.006049e-007  3.372961e-005  1.970437e-005  9.647466e-007  6.398169e-001  1.000000e+000  
1.000000e+004  8.100000e-004  2.778226e-002  1.666531e+000  4.630000e-002  4.190371e+002  2.673818e-001  9.094845e-002  1.340166e-003  4.100347e-004  1.078070e-007  3.417996e-005  1.960674e-005  9.738892e-007  6.398647e-001  1.000000e+000  
1.000000e+004  8.300000e-004  2.770152e-002  1.671389e+000  4.630000e-002  4.202894e+002  2.672989e-001  9.094608e-002  1.365392e-003  4.219998e-004  1.155320e-007  3.462891e-005  1.950271e-005  9.828734e-007  6.399124e-001  1.000000e+000  
1.000000e+004  8.500000e-004  2.762089e-002  1.676268e+000  4.630000e-002  4.215473e+002  2.672154e-001  9.094358e-002  1.390977e-003  4.342773e-004  1.238176e-007  3.507616e-005  1.939256e-005  9.916997e-007  6.399602e-001  1.000000e+000  
1.000000e+004  8.700000e-004  2.754038e-002  1.681168e+000  4.630000e-002  4.228108e+002  2.671314e-001  9.094094e-002  1.416925e-003  4.468698e-004  1.327037e-007  3.552145e-005  1.927654e-005  1.000369e-006  6.400080e-001  1.000000e+000  
1.000000e+004  8.900000e-004  2.746000e-002  1.686089e+000  4.630000e-002  4.240797e+002  2.670468e-001  9.093816e-002  1.443239e-003  4.597798e-004  1.422330e-007  3.596449e-005  1.915492e-005  1.008881e-006  6.400558e-001  1.000000e+000  
1.000000e+004  9.250000e-004  2.731998e-002  1.694730e+000  4.630000e-002  4.263081e+002  2.668979e-001  9.093305e-002  1.489889e-003  4.829132e-004  1.601009e-007  3.673484e-005  1.893288e-005  1.023494e-006  6.401394e-001  1.000000e+000  
1.000000e+004  9.750000e-004  2.712227e-002  1.707084e+000  4.630000e-002  4.294949e+002  2.666826e-001  9.092525e-002  1.557901e-003  5.179077e-004  1.901177e-007  3.780547e-005  1.859105e-005  1.043062e-006  6.402587e-001  1.000000e+000  
1.000000e+004  1.250000e-003  2.608601e-002  1.774898e+000  4.630000e-002  4.470049e+002  2.654928e-001  9.087824e-002  1.939113e-003  7.192137e-004  3.838147e-007  4.350444e-005  1.658919e-005  1.144257e-006  6.409090e-001  1.000000e+000  
1.000000e+004  1.750000e-003  2.447414e-002  1.891793e+000  4.630000e-002  4.773036e+002  2.631134e-001  9.076932e-002  2.701589e-003  1.278825e-003  1.395710e-006  5.145329e-005  1.322771e-005  1.223585e-006  6.420696e-001  1.000000e+000  
1.000000e+004  2.250000e-003  2.301484e-002  2.011746e+000  4.630000e-002  5.084936e+002  2.603689e-001  9.059079e-002  3.655174e-003  2.082555e-003  4.312939e-006  5.704841e-005  1.051229e-005  1.246500e-006  6.432295e-001  1.000000e+000  
1.000000e+004  2.750000e-003  2.171476e-002  2.132190e+000  4.630000e-002  5.399242e+002  2.572325e-001  9.032943e-002  4.828317e-003  3.151693e-003  1.133623e-005  6.066442e-005  8.493369e-006  1.227830e-006  6.443763e-001  1.000000e+000  
1.000000e+004  3.250000e-003  2.056298e-002  2.251619e+000  4.630000e-002  5.712086e+002  2.536832e-001  8.996669e-002  6.258153e-003  4.495443e-003  2.572464e-005  6.323526e-005  6.997071e-006  1.178606e-006  6.454994e-001  1.000000e+000  
1.000000e+004  3.750000e-003  1.954202e-002  2.369254e+000  4.630000e-002  6.021404e+002  2.497023e-001  8.947665e-002  7.992831e-003  6.115539e-003  5.154491e-005  6.589289e-005  5.869877e-006  1.107261e-006  6.465882e-001  1.000000e+000  
1.000000e+004  4.250000e-003  1.863328e-002  2.484801e+000  4.630000e-002  6.326326e+002  2.452727e-001  8.882549e-002  1.009208e-002  8.009295e-003  9.325954e-005  6.989395e-005  5.004721e-006  1.020816e-006  6.476313e-001  1.000000e+000  
1.000000e+004  4.750000e-003  1.781962e-002  2.598260e+000  4.630000e-002  6.626678e+002  2.403778e-001  8.797150e-002  1.262669e-002  1.017142e-002  1.552704e-004  7.662008e-005  4.328648e-006  9.256198e-007  6.486154e-001  1.000000e+000  
1.000000e+004  5.250000e-003  1.708620e-002  2.709789e+000  4.630000e-002  6.922644e+002  2.350042e-001  8.686564e-002  1.567614e-002  1.259417e-002  2.415121e-004  8.757336e-005  3.791230e-006  8.276037e-007  6.495261e-001  1.000000e+000  
1.000000e+004  5.750000e-003  1.642076e-002  2.819602e+000  4.630000e-002  7.214510e+002  2.291439e-001  8.545376e-002  1.932224e-002  1.526613e-002  3.551211e-004  1.043406e-004  3.356848e-006  7.322885e-007  6.503504e-001  1.000000e+000  
1.000000e+004  6.250000e-003  1.581324e-002  2.927926e+000  4.630000e-002  7.502573e+002  2.227986e-001  8.368032e-002  2.364193e-002  1.817070e-002  4.980821e-004  1.285103e-004  2.999616e-006  6.446232e-007  6.510782e-001  1.000000e+000  
1.000000e+004  6.750000e-003  1.525542e-002  3.034987e+000  4.630000e-002  7.787094e+002  2.159828e-001  8.149238e-002  2.870183e-002  2.128573e-002  6.708379e-004  1.615446e-004  2.700209e-006  5.687113e-007  6.517016e-001  1.000000e+000  
1.000000e+004  7.250000e-003  1.474068e-002  3.140968e+000  4.630000e-002  8.068212e+002  2.087270e-001  7.884361e-002  3.455102e-002  2.458282e-002  8.718523e-004  2.046065e-004  2.443852e-006  5.075340e-007  6.522161e-001  1.000000e+000  
1.000000e+004  7.750000e-003  1.426377e-002  3.245986e+000  4.630000e-002  8.345898e+002  2.010798e-001  7.569865e-002  4.121447e-002  2.802674e-002  1.097060e-003  2.583559e-004  2.219040e-006  4.628028e-007  6.526222e-001  1.000000e+000  
1.000000e+004  8.250000e-003  1.382057e-002  3.350079e+000  4.630000e-002  8.619956e+002  1.931097e-001  7.203685e-002  4.868564e-002  3.157502e-002  1.339113e-003  3.227636e-004  2.016682e-006  4.349757e-007  6.529284e-001  1.000000e+000  
1.000000e+004  8.750000e-003  1.340775e-002  3.453228e+000  4.630000e-002  8.890088e+002  1.849047e-001  6.785389e-002  5.692512e-002  3.517902e-002  1.586386e-003  3.972111e-004  1.829615e-006  4.234735e-007  6.531515e-001  1.000000e+000  
1.000000e+004  9.500000e-003  1.284112e-002  3.605604e+000  4.630000e-002  9.287005e+002  1.724501e-001  6.084598e-002  7.025819e-002  4.056027e-002  1.937364e-003  5.239967e-004  1.568123e-006  4.289028e-007  6.534221e-001  1.000000e+000  
1.000000e+004  1.500000e-002  1.026920e-002  4.508626e+000  4.630000e-002  1.167360e+003  9.103669e-002  1.294347e-002  1.585772e-001  7.459395e-002  3.053018e-003  1.592163e-003  2.709619e-007  6.754249e-007  6.582026e-001  1.000000e+000  
1.000000e+004  2.500000e-002  9.396872e-003  4.927172e+000  4.630000e-002  1.282345e+003  7.641137e-002  3.917969e-003  1.766551e-001  7.647377e-002  2.478443e-003  2.269181e-003  7.064822e-008  8.107690e-007  6.617933e-001  1.000000e+000  
1.000000e+004  3.500000e-002  8.959491e-003  5.167704e+000  4.630000e-002  1.349081e+003  7.758017e-002  2.725309e-003  1.792279e-001  7.159338e-002  2.343628e-003  2.686654e-003  4.477569e-008  8.112530e-007  6.638421e-001  1.000000e+000  
1.000000e+004  4.500000e-002  8.670968e-003  5.339657e+000  4.630000e-002  1.397129e+003  7.983648e-002  2.464713e-003  1.799397e-001  6.716474e-002  2.279991e-003  2.972248e-003  3.750293e-008  7.358652e-007  6.653413e-001  1.000000e+000  
1.000000e+004  5.500000e-002  8.457523e-003  5.474416e+000  4.630000e-002  1.434965e+003  8.171872e-002  2.316889e-003  1.804246e-001  6.360817e-002  2.215151e-003  3.183404e-003  3.307810e-008  6.414574e-007  6.665324e-001  1.000000e+000  
1.000000e+004  6.500000e-002  8.289555e-003  5.585342e+000  4.630000e-002  1.466164e+003  8.325025e-002  2.196782e-003  1.808363e-001  6.072502e-002  2.150430e-003  3.347589e-003  2.972857e-008  5.532194e-007  6.674931e-001  1.000000e+000  
1.000000e+004  7.500000e-002  8.151992e-003  5.679594e+000  4.630000e-002  1.492601e+003  8.452395e-002  2.096746e-003  1.811715e-001  5.838705e-002  2.092283e-003  3.481731e-003  2.710787e-008  4.788476e-007  6.682462e-001  1.000000e+000  
1.000000e+004  8.500000e-002  8.038027e-003  5.760120e+000  4.630000e-002  1.514988e+003  8.557072e-002  2.019983e-003  1.814001e-001  5.658272e-002  2.048502e-003  3.597533e-003  2.512210e-008  4.204012e-007  6.687800e-001  1.000000e+000  
1.000000e+004  9.500000e-002  7.954012e-003  5.820961e+000  4.630000e-002  1.531643e+003  8.629740e-002  1.975669e-003  1.814859e-001  5.545896e-002  2.028474e-003  3.693375e-003  2.386916e-008  3.817957e-007  6.690598e-001  1.000000e+000  
1.000000e+004  1.000000e-001  7.954012e-003  5.820961e+000  4.630000e-002  1.531643e+003  8.629740e-002  1.975669e-003  1.814859e-001  5.545896e-002  2.028474e-003  3.693375e-003  2.386916e-008  3.817957e-007  6.690598e-001  1.000000e+000  
