time          pre           rho           T             O2            NO            NO2           N2            O             sumfracs      
0.000000e+000  1.000000e+005  3.267356e-001  1.073150e+003  0.000000e+000  0.000000e+000  1.000000e-001  9.000000e-001  0.000000e+000  1.000000e+000  
3.850902e-008  1.000000e+005  3.267356e-001  1.073150e+003  1.475037e-008  2.766780e-008  9.999996e-002  9.000000e-001  2.237720e-012  1.000000e+000  
8.480822e-006  1.000003e+005  3.267356e-001  1.073150e+003  3.248805e-006  6.093005e-006  9.999066e-002  9.000000e-001  1.288966e-011  1.000000e+000  
8.155066e-005  1.000028e+005  3.267356e-001  1.073150e+003  3.119398e-005  5.850282e-005  9.991030e-002  9.000000e-001  1.307755e-011  1.000000e+000  
1.546205e-004  1.000054e+005  3.267356e-001  1.073150e+003  5.909288e-005  1.108259e-004  9.983008e-002  9.000000e-001  1.307859e-011  1.000000e+000  
3.416201e-004  1.000119e+005  3.267356e-001  1.073150e+003  1.302903e-004  2.443532e-004  9.962536e-002  9.000000e-001  1.307900e-011  1.000000e+000  
5.286197e-004  1.000183e+005  3.267356e-001  1.073150e+003  2.012208e-004  3.773799e-004  9.942140e-002  9.000000e-001  1.307977e-011  1.000000e+000  
7.156194e-004  1.000248e+005  3.267356e-001  1.073150e+003  2.718636e-004  5.098671e-004  9.921827e-002  9.000000e-001  1.308055e-011  1.000000e+000  
9.982741e-004  1.000344e+005  3.267356e-001  1.073150e+003  3.780839e-004  7.090780e-004  9.891284e-002  9.000000e-001  1.308173e-011  1.000000e+000  
1.503785e-003  1.000516e+005  3.267356e-001  1.073150e+003  5.663897e-004  1.062236e-003  9.837137e-002  9.000000e-001  1.308391e-011  1.000000e+000  
2.621265e-003  1.000889e+005  3.267356e-001  1.073150e+003  9.752810e-004  1.829092e-003  9.719563e-002  9.000000e-001  1.308897e-011  1.000000e+000  
3.738745e-003  1.001252e+005  3.267356e-001  1.073150e+003  1.374255e-003  2.577348e-003  9.604840e-002  9.000000e-001  1.309436e-011  1.000000e+000  
4.856226e-003  1.001607e+005  3.267356e-001  1.073150e+003  1.763653e-003  3.307645e-003  9.492870e-002  9.000000e-001  1.309994e-011  1.000000e+000  
5.973706e-003  1.001953e+005  3.267356e-001  1.073150e+003  2.143816e-003  4.020623e-003  9.383556e-002  9.000000e-001  1.310591e-011  1.000000e+000  
7.258705e-003  1.002341e+005  3.267356e-001  1.073150e+003  2.569926e-003  4.819772e-003  9.261030e-002  9.000000e-001  1.311327e-011  1.000000e+000  
8.543705e-003  1.002719e+005  3.267356e-001  1.073150e+003  2.984691e-003  5.597644e-003  9.141767e-002  9.000000e-001  1.312086e-011  1.000000e+000  
9.828704e-003  1.003087e+005  3.267356e-001  1.073150e+003  3.388593e-003  6.355141e-003  9.025627e-002  9.000000e-001  1.312877e-011  1.000000e+000  
1.240988e-002  1.003798e+005  3.267356e-001  1.073150e+003  4.168784e-003  7.818352e-003  8.801286e-002  9.000000e-001  1.314578e-011  1.000000e+000  
1.499105e-002  1.004474e+005  3.267356e-001  1.073150e+003  4.910107e-003  9.208668e-003  8.588122e-002  9.000000e-001  1.316398e-011  1.000000e+000  
1.757222e-002  1.005116e+005  3.267356e-001  1.073150e+003  5.615485e-003  1.053157e-002  8.385294e-002  9.000000e-001  1.318340e-011  1.000000e+000  
2.015340e-002  1.005728e+005  3.267356e-001  1.073150e+003  6.287516e-003  1.179193e-002  8.192055e-002  9.000000e-001  1.320384e-011  1.000000e+000  
2.273457e-002  1.006312e+005  3.267356e-001  1.073150e+003  6.928542e-003  1.299414e-002  8.007731e-002  9.000000e-001  1.322515e-011  1.000000e+000  
2.531574e-002  1.006870e+005  3.267356e-001  1.073150e+003  7.540688e-003  1.414220e-002  7.831712e-002  9.000000e-001  1.324737e-011  1.000000e+000  
2.789692e-002  1.007403e+005  3.267356e-001  1.073150e+003  8.125890e-003  1.523971e-002  7.663440e-002  9.000000e-001  1.327056e-011  1.000000e+000  
3.047809e-002  1.007914e+005  3.267356e-001  1.073150e+003  8.685914e-003  1.629001e-002  7.502407e-002  9.000000e-001  1.329458e-011  1.000000e+000  
3.305926e-002  1.008402e+005  3.267356e-001  1.073150e+003  9.222374e-003  1.729612e-002  7.348151e-002  9.000000e-001  1.331921e-011  1.000000e+000  
3.564044e-002  1.008871e+005  3.267356e-001  1.073150e+003  9.736746e-003  1.826079e-002  7.200246e-002  9.000000e-001  1.334447e-011  1.000000e+000  
3.822161e-002  1.009321e+005  3.267356e-001  1.073150e+003  1.023038e-002  1.918659e-002  7.058302e-002  9.000000e-001  1.337053e-011  1.000000e+000  
4.209735e-002  1.009963e+005  3.267356e-001  1.073150e+003  1.093536e-002  2.050873e-002  6.855592e-002  9.000000e-001  1.341089e-011  1.000000e+000  
4.597309e-002  1.010569e+005  3.267356e-001  1.073150e+003  1.160018e-002  2.175558e-002  6.664423e-002  9.000000e-001  1.345232e-011  1.000000e+000  
4.984883e-002  1.011141e+005  3.267356e-001  1.073150e+003  1.222827e-002  2.293352e-002  6.483821e-002  9.000000e-001  1.349473e-011  1.000000e+000  
5.372457e-002  1.011682e+005  3.267356e-001  1.073150e+003  1.282259e-002  2.404815e-002  6.312926e-002  9.000000e-001  1.353852e-011  1.000000e+000  
5.760031e-002  1.012196e+005  3.267356e-001  1.073150e+003  1.338583e-002  2.510447e-002  6.150970e-002  9.000000e-001  1.358378e-011  1.000000e+000  
6.147605e-002  1.012683e+005  3.267356e-001  1.073150e+003  1.392037e-002  2.610699e-002  5.997264e-002  9.000000e-001  1.362943e-011  1.000000e+000  
6.535179e-002  1.013145e+005  3.267356e-001  1.073150e+003  1.442839e-002  2.705975e-002  5.851186e-002  9.000000e-001  1.367439e-011  1.000000e+000  
6.922753e-002  1.013586e+005  3.267356e-001  1.073150e+003  1.491183e-002  2.796642e-002  5.712174e-002  9.000000e-001  1.372023e-011  1.000000e+000  
7.515173e-002  1.014220e+005  3.267356e-001  1.073150e+003  1.560727e-002  2.927067e-002  5.512206e-002  9.000000e-001  1.379890e-011  1.000000e+000  
8.107592e-002  1.014810e+005  3.267356e-001  1.073150e+003  1.625493e-002  3.048533e-002  5.325975e-002  9.000000e-001  1.387923e-011  1.000000e+000  
8.700011e-002  1.015360e+005  3.267356e-001  1.073150e+003  1.685960e-002  3.161937e-002  5.152103e-002  9.000000e-001  1.394322e-011  1.000000e+000  
9.292431e-002  1.015876e+005  3.267356e-001  1.073150e+003  1.742546e-002  3.268061e-002  4.989393e-002  9.000000e-001  1.399295e-011  1.000000e+000  
9.884850e-002  1.016360e+005  3.267356e-001  1.073150e+003  1.795617e-002  3.367593e-002  4.836791e-002  9.000000e-001  1.407499e-011  1.000000e+000  
1.047727e-001  1.016814e+005  3.267356e-001  1.073150e+003  1.845493e-002  3.461133e-002  4.693373e-002  9.000000e-001  1.423575e-011  1.000000e+000  
1.106969e-001  1.017242e+005  3.267356e-001  1.073150e+003  1.892458e-002  3.549214e-002  4.558328e-002  9.000000e-001  1.440713e-011  1.000000e+000  
1.207144e-001  1.017911e+005  3.267356e-001  1.073150e+003  1.965937e-002  3.687020e-002  4.347042e-002  9.000000e-001  1.431758e-011  1.000000e+000  
1.307319e-001  1.018521e+005  3.267356e-001  1.073150e+003  2.032829e-002  3.812472e-002  4.154699e-002  9.000000e-001  1.338565e-011  1.000000e+000  
1.407494e-001  1.019078e+005  3.267356e-001  1.073150e+003  2.093983e-002  3.927164e-002  3.978853e-002  9.000000e-001  1.351096e-011  1.000000e+000  
1.507669e-001  1.019589e+005  3.267356e-001  1.073150e+003  2.150110e-002  4.032428e-002  3.817462e-002  9.000000e-001  1.871582e-011  1.000000e+000  
1.607844e-001  1.020060e+005  3.267356e-001  1.073150e+003  2.201813e-002  4.129394e-002  3.668793e-002  9.000000e-001  2.781763e-011  1.000000e+000  
1.708020e-001  1.020496e+005  3.267356e-001  1.073150e+003  2.249601e-002  4.219018e-002  3.531382e-002  9.000000e-001  2.302652e-011  1.000000e+000  
1.808195e-001  1.020899e+005  3.267356e-001  1.073150e+003  2.293904e-002  4.302106e-002  3.403989e-002  9.000000e-001  2.288411e-011  1.000000e+000  
1.908370e-001  1.021275e+005  3.267356e-001  1.073150e+003  2.335091e-002  4.379351e-002  3.285558e-002  9.000000e-001  9.050564e-011  1.000000e+000  
2.008545e-001  1.021624e+005  3.267356e-001  1.073150e+003  2.373481e-002  4.451349e-002  3.175169e-002  9.000000e-001  3.537053e-011  1.000000e+000  
2.108720e-001  1.021951e+005  3.267356e-001  1.073150e+003  2.409350e-002  4.518620e-002  3.072030e-002  9.000000e-001  3.503881e-010  1.000000e+000  
2.208895e-001  1.022257e+005  3.267356e-001  1.073150e+003  2.442936e-002  4.581608e-002  2.975456e-002  9.000000e-001  9.163291e-010  1.000000e+000  
2.381516e-001  1.022741e+005  3.267356e-001  1.073150e+003  2.496069e-002  4.681258e-002  2.822672e-002  9.000000e-001  1.628866e-011  1.000000e+000  
2.690203e-001  1.023493e+005  3.267356e-001  1.073150e+003  2.578622e-002  4.836082e-002  2.585295e-002  9.000000e-001  3.834225e-009  1.000000e+000  
2.998891e-001  1.024129e+005  3.267356e-001  1.073150e+003  2.648354e-002  4.966866e-002  2.384776e-002  9.000000e-001  3.021603e-010  1.000000e+000  
3.145085e-001  1.024396e+005  3.267356e-001  1.073150e+003  2.677660e-002  5.021828e-002  2.300508e-002  9.000000e-001  1.311915e-010  1.000000e+000  
3.291279e-001  1.024644e+005  3.267356e-001  1.073150e+003  2.704937e-002  5.072984e-002  2.222076e-002  9.000000e-001  2.725452e-010  1.000000e+000  
3.437474e-001  1.024876e+005  3.267356e-001  1.073150e+003  2.730396e-002  5.120732e-002  2.148869e-002  9.000000e-001  5.162413e-010  1.000000e+000  
3.583668e-001  1.025093e+005  3.267356e-001  1.073150e+003  2.754213e-002  5.165399e-002  2.080386e-002  9.000000e-001  1.003557e-009  1.000000e+000  
3.729862e-001  1.025297e+005  3.267356e-001  1.073150e+003  2.776557e-002  5.207304e-002  2.016137e-002  9.000000e-001  7.114812e-010  1.000000e+000  
3.876057e-001  1.025488e+005  3.267356e-001  1.073150e+003  2.797579e-002  5.246728e-002  1.955690e-002  9.000000e-001  2.215117e-009  1.000000e+000  
4.022251e-001  1.025669e+005  3.267356e-001  1.073150e+003  2.817362e-002  5.283832e-002  1.898803e-002  9.000000e-001  3.662080e-010  1.000000e+000  
4.168445e-001  1.025838e+005  3.267356e-001  1.073150e+003  2.835965e-002  5.318722e-002  1.845310e-002  9.000000e-001  4.322374e-009  1.000000e+000  
4.268731e-001  1.025949e+005  3.267356e-001  1.073150e+003  2.848120e-002  5.341516e-002  1.810361e-002  9.000000e-001  4.456632e-010  1.000000e+000  
4.369017e-001  1.026056e+005  3.267356e-001  1.073150e+003  2.859887e-002  5.363584e-002  1.776527e-002  9.000000e-001  7.593834e-009  1.000000e+000  
4.434499e-001  1.026124e+005  3.267356e-001  1.073150e+003  2.867349e-002  5.377579e-002  1.755070e-002  9.000000e-001  1.487358e-009  1.000000e+000  
4.499982e-001  1.026190e+005  3.267356e-001  1.073150e+003  2.874544e-002  5.391077e-002  1.734375e-002  9.000000e-001  1.510374e-008  1.000000e+000  
4.540474e-001  1.026229e+005  3.267356e-001  1.073150e+003  2.878890e-002  5.399224e-002  1.721883e-002  9.000000e-001  3.875241e-009  1.000000e+000  
4.580966e-001  1.026269e+005  3.267356e-001  1.073150e+003  2.883285e-002  5.407461e-002  1.709255e-002  9.000000e-001  3.091860e-008  1.000000e+000  
4.604807e-001  1.026293e+005  3.267356e-001  1.073150e+003  2.885864e-002  5.412301e-002  1.701833e-002  9.000000e-001  8.687202e-009  1.000000e+000  
4.628647e-001  1.026315e+005  3.267356e-001  1.073150e+003  2.888278e-002  5.416844e-002  1.694869e-002  9.000000e-001  6.357326e-008  1.000000e+000  
4.641929e-001  1.026327e+005  3.267356e-001  1.073150e+003  2.889597e-002  5.419308e-002  1.691090e-002  9.000000e-001  1.832259e-008  1.000000e+000  
4.655211e-001  1.026340e+005  3.267356e-001  1.073150e+003  2.891081e-002  5.422063e-002  1.686866e-002  9.000000e-001  1.282426e-007  1.000000e+000  
4.656634e-001  1.026341e+005  3.267356e-001  1.073150e+003  2.891215e-002  5.422340e-002  1.686442e-002  9.000000e-001  2.283387e-009  1.000000e+000  
4.658058e-001  1.026343e+005  3.267356e-001  1.073150e+003  2.891362e-002  5.422615e-002  1.686020e-002  9.000000e-001  2.388454e-009  1.000000e+000  
4.659020e-001  1.026344e+005  3.267356e-001  1.073150e+003  2.891462e-002  5.422802e-002  1.685734e-002  9.000000e-001  2.084756e-009  1.000000e+000  
4.659982e-001  1.026345e+005  3.267356e-001  1.073150e+003  2.891560e-002  5.422987e-002  1.685449e-002  9.000000e-001  6.720276e-010  1.000000e+000  
4.660944e-001  1.026345e+005  3.267356e-001  1.073150e+003  2.891660e-002  5.423174e-002  1.685163e-002  9.000000e-001  5.583929e-010  1.000000e+000  
4.662522e-001  1.026347e+005  3.267356e-001  1.073150e+003  2.891823e-002  5.423481e-002  1.684693e-002  9.000000e-001  8.792217e-011  1.000000e+000  
4.664937e-001  1.026349e+005  3.267356e-001  1.073150e+003  2.892074e-002  5.423950e-002  1.683973e-002  9.000000e-001  7.356119e-011  1.000000e+000  
4.667353e-001  1.026351e+005  3.267356e-001  1.073150e+003  2.892323e-002  5.424418e-002  1.683256e-002  9.000000e-001  3.964079e-011  1.000000e+000  
4.669768e-001  1.026354e+005  3.267356e-001  1.073150e+003  2.892572e-002  5.424885e-002  1.682540e-002  9.000000e-001  2.078396e-011  1.000000e+000  
4.692146e-001  1.026375e+005  3.267356e-001  1.073150e+003  2.894873e-002  5.429199e-002  1.675925e-002  9.000000e-001  1.918740e-011  1.000000e+000  
4.714524e-001  1.026395e+005  3.267356e-001  1.073150e+003  2.897149e-002  5.433469e-002  1.669378e-002  9.000000e-001  2.579197e-011  1.000000e+000  
4.736902e-001  1.026416e+005  3.267356e-001  1.073150e+003  2.899407e-002  5.437703e-002  1.662888e-002  9.000000e-001  1.800279e-011  1.000000e+000  
4.759279e-001  1.026436e+005  3.267356e-001  1.073150e+003  2.901646e-002  5.441902e-002  1.656450e-002  9.000000e-001  1.867289e-011  1.000000e+000  
4.798711e-001  1.026472e+005  3.267356e-001  1.073150e+003  2.905549e-002  5.449222e-002  1.645227e-002  9.000000e-001  1.922041e-011  1.000000e+000  
4.859260e-001  1.026526e+005  3.267356e-001  1.073150e+003  2.911440e-002  5.460270e-002  1.628288e-002  9.000000e-001  1.832739e-011  1.000000e+000  
4.919809e-001  1.026578e+005  3.267356e-001  1.073150e+003  2.917210e-002  5.471091e-002  1.611697e-002  9.000000e-001  1.801361e-011  1.000000e+000  
5.041692e-001  1.026681e+005  3.267356e-001  1.073150e+003  2.928473e-002  5.492215e-002  1.579309e-002  9.000000e-001  1.970570e-011  1.000000e+000  
5.163575e-001  1.026779e+005  3.267356e-001  1.073150e+003  2.939288e-002  5.512498e-002  1.548211e-002  9.000000e-001  1.495613e-011  1.000000e+000  
5.285459e-001  1.026874e+005  3.267356e-001  1.073150e+003  2.949680e-002  5.531989e-002  1.518328e-002  9.000000e-001  1.613684e-011  1.000000e+000  
5.407342e-001  1.026965e+005  3.267356e-001  1.073150e+003  2.959675e-002  5.550733e-002  1.489589e-002  9.000000e-001  2.284705e-011  1.000000e+000  
5.648839e-001  1.027136e+005  3.267356e-001  1.073150e+003  2.978388e-002  5.585829e-002  1.435780e-002  9.000000e-001  2.269307e-011  1.000000e+000  
5.890335e-001  1.027294e+005  3.267356e-001  1.073150e+003  2.995784e-002  5.618453e-002  1.385760e-002  9.000000e-001  2.759605e-011  1.000000e+000  
6.131832e-001  1.027442e+005  3.267356e-001  1.073150e+003  3.011998e-002  5.648862e-002  1.339138e-002  9.000000e-001  4.132926e-011  1.000000e+000  
6.373329e-001  1.027580e+005  3.267356e-001  1.073150e+003  3.027148e-002  5.677274e-002  1.295575e-002  9.000000e-001  4.243457e-011  1.000000e+000  
6.614826e-001  1.027709e+005  3.267356e-001  1.073150e+003  3.041335e-002  5.703882e-002  1.254781e-002  9.000000e-001  2.688502e-011  1.000000e+000  
6.856322e-001  1.027830e+005  3.267356e-001  1.073150e+003  3.054648e-002  5.728850e-002  1.216500e-002  9.000000e-001  2.046417e-011  1.000000e+000  
7.097819e-001  1.027944e+005  3.267356e-001  1.073150e+003  3.067165e-002  5.752325e-002  1.180508e-002  9.000000e-001  3.646308e-011  1.000000e+000  
7.339316e-001  1.028052e+005  3.267356e-001  1.073150e+003  3.078955e-002  5.774436e-002  1.146606e-002  9.000000e-001  4.859209e-011  1.000000e+000  
7.580813e-001  1.028153e+005  3.267356e-001  1.073150e+003  3.090079e-002  5.795300e-002  1.114618e-002  9.000000e-001  2.979864e-011  1.000000e+000  
7.822310e-001  1.028249e+005  3.267356e-001  1.073150e+003  3.100594e-002  5.815019e-002  1.084384e-002  9.000000e-001  2.474940e-012  1.000000e+000  
8.299411e-001  1.028424e+005  3.267356e-001  1.073150e+003  3.119752e-002  5.850950e-002  1.029295e-002  9.000000e-001  3.019658e-011  1.000000e+000  
8.776512e-001  1.028581e+005  3.267356e-001  1.073150e+003  3.137030e-002  5.883354e-002  9.796124e-003  9.000000e-001  8.909547e-011  1.000000e+000  
9.253613e-001  1.028724e+005  3.267356e-001  1.073150e+003  3.152702e-002  5.912745e-002  9.345505e-003  9.000000e-001  2.378216e-011  1.000000e+000  
9.730714e-001  1.028854e+005  3.267356e-001  1.073150e+003  3.166990e-002  5.939541e-002  8.934665e-003  9.000000e-001  2.861073e-010  1.000000e+000  
1.020782e+000  1.028973e+005  3.267356e-001  1.073150e+003  3.180063e-002  5.964060e-002  8.558737e-003  9.000000e-001  2.042262e-010  1.000000e+000  
1.068492e+000  1.029082e+005  3.267356e-001  1.073150e+003  3.192039e-002  5.986520e-002  8.214378e-003  9.000000e-001  6.188563e-010  1.000000e+000  
1.115225e+000  1.029181e+005  3.267356e-001  1.073150e+003  3.202845e-002  6.006787e-002  7.903648e-003  9.000000e-001  3.136515e-011  1.000000e+000  
1.161959e+000  1.029272e+005  3.267356e-001  1.073150e+003  3.212854e-002  6.025557e-002  7.615866e-003  9.000000e-001  2.941393e-011  1.000000e+000  
1.208693e+000  1.029356e+005  3.267356e-001  1.073150e+003  3.222141e-002  6.042976e-002  7.348800e-003  9.000000e-001  3.247821e-010  1.000000e+000  
1.255427e+000  1.029435e+005  3.267356e-001  1.073150e+003  3.230791e-002  6.059197e-002  7.100093e-003  9.000000e-001  9.383157e-011  1.000000e+000  
1.302160e+000  1.029509e+005  3.267356e-001  1.073150e+003  3.238872e-002  6.074354e-002  6.867714e-003  9.000000e-001  2.850084e-010  1.000000e+000  
1.348894e+000  1.029578e+005  3.267356e-001  1.073150e+003  3.246417e-002  6.088504e-002  6.650761e-003  9.000000e-001  3.819827e-010  1.000000e+000  
1.395628e+000  1.029642e+005  3.267356e-001  1.073150e+003  3.253470e-002  6.101731e-002  6.447964e-003  9.000000e-001  3.845013e-010  1.000000e+000  
1.442362e+000  1.029702e+005  3.267356e-001  1.073150e+003  3.260115e-002  6.114194e-002  6.256887e-003  9.000000e-001  6.991235e-010  1.000000e+000  
1.489095e+000  1.029759e+005  3.267356e-001  1.073150e+003  3.266388e-002  6.125957e-002  6.076522e-003  9.000000e-001  4.284504e-010  1.000000e+000  
1.535829e+000  1.029813e+005  3.267356e-001  1.073150e+003  3.272246e-002  6.136945e-002  5.908058e-003  9.000000e-001  1.515135e-009  1.000000e+000  
1.565038e+000  1.029845e+005  3.267356e-001  1.073150e+003  3.275722e-002  6.143464e-002  5.808106e-003  9.000000e-001  2.021968e-010  1.000000e+000  
1.594248e+000  1.029876e+005  3.267356e-001  1.073150e+003  3.279142e-002  6.149877e-002  5.709780e-003  9.000000e-001  2.515450e-009  1.000000e+000  
1.612999e+000  1.029895e+005  3.267356e-001  1.073150e+003  3.281286e-002  6.153900e-002  5.648112e-003  9.000000e-001  1.411207e-010  1.000000e+000  
1.631750e+000  1.029914e+005  3.267356e-001  1.073150e+003  3.283360e-002  6.157788e-002  5.588492e-003  9.000000e-001  3.048829e-010  1.000000e+000  
1.650502e+000  1.029933e+005  3.267356e-001  1.073150e+003  3.285378e-002  6.161573e-002  5.530457e-003  9.000000e-001  3.329910e-010  1.000000e+000  
1.669253e+000  1.029950e+005  3.267356e-001  1.073150e+003  3.287347e-002  6.165265e-002  5.473853e-003  9.000000e-001  4.729550e-010  1.000000e+000  
1.688005e+000  1.029968e+005  3.267356e-001  1.073150e+003  3.289251e-002  6.168837e-002  5.419091e-003  9.000000e-001  2.048041e-009  1.000000e+000  
1.706756e+000  1.029985e+005  3.267356e-001  1.073150e+003  3.291121e-002  6.172344e-002  5.365325e-003  9.000000e-001  8.209334e-011  1.000000e+000  
1.725508e+000  1.030002e+005  3.267356e-001  1.073150e+003  3.293018e-002  6.175900e-002  5.310798e-003  9.000000e-001  4.056461e-009  1.000000e+000  
1.737869e+000  1.030013e+005  3.267356e-001  1.073150e+003  3.294255e-002  6.178222e-002  5.275195e-003  9.000000e-001  4.287253e-010  1.000000e+000  
1.750230e+000  1.030024e+005  3.267356e-001  1.073150e+003  3.295399e-002  6.180368e-002  5.242303e-003  9.000000e-001  6.847599e-009  1.000000e+000  
1.758035e+000  1.030030e+005  3.267356e-001  1.073150e+003  3.296099e-002  6.181681e-002  5.222172e-003  9.000000e-001  8.732118e-010  1.000000e+000  
1.765840e+000  1.030037e+005  3.267356e-001  1.073150e+003  3.296877e-002  6.183136e-002  5.199858e-003  9.000000e-001  1.133901e-008  1.000000e+000  
1.770709e+000  1.030042e+005  3.267356e-001  1.073150e+003  3.297371e-002  6.184065e-002  5.185608e-003  9.000000e-001  1.443890e-009  1.000000e+000  
1.775578e+000  1.030046e+005  3.267356e-001  1.073150e+003  3.297833e-002  6.184932e-002  5.172323e-003  9.000000e-001  2.043397e-009  1.000000e+000  
1.780448e+000  1.030050e+005  3.267356e-001  1.073150e+003  3.298283e-002  6.185775e-002  5.159399e-003  9.000000e-001  2.251410e-009  1.000000e+000  
1.785317e+000  1.030054e+005  3.267356e-001  1.073150e+003  3.298726e-002  6.186608e-002  5.146632e-003  9.000000e-001  6.587324e-010  1.000000e+000  
1.790186e+000  1.030058e+005  3.267356e-001  1.073150e+003  3.299124e-002  6.187356e-002  5.135156e-003  9.000000e-001  1.383219e-008  1.000000e+000  
1.793578e+000  1.030060e+005  3.267356e-001  1.073150e+003  3.299398e-002  6.187868e-002  5.127305e-003  9.000000e-001  2.753368e-009  1.000000e+000  
1.796970e+000  1.030063e+005  3.267356e-001  1.073150e+003  3.299755e-002  6.188531e-002  5.117144e-003  9.000000e-001  2.655077e-008  1.000000e+000  
1.799077e+000  1.030066e+005  3.267356e-001  1.073150e+003  3.299985e-002  6.188966e-002  5.110466e-003  9.000000e-001  4.628353e-009  1.000000e+000  
1.801183e+000  1.030067e+005  3.267356e-001  1.073150e+003  3.300117e-002  6.189224e-002  5.106514e-003  9.000000e-001  4.825740e-008  1.000000e+000  
1.802457e+000  1.030067e+005  3.267356e-001  1.073150e+003  3.300191e-002  6.189356e-002  5.104487e-003  9.000000e-001  8.004102e-009  1.000000e+000  
1.803333e+000  1.030068e+005  3.267356e-001  1.073150e+003  3.300267e-002  6.189496e-002  5.102340e-003  9.000000e-001  5.156873e-009  1.000000e+000  
1.804208e+000  1.030069e+005  3.267356e-001  1.073150e+003  3.300344e-002  6.189643e-002  5.100090e-003  9.000000e-001  7.436849e-009  1.000000e+000  
1.805084e+000  1.030070e+005  3.267356e-001  1.073150e+003  3.300428e-002  6.189798e-002  5.097715e-003  9.000000e-001  4.627443e-009  1.000000e+000  
1.805960e+000  1.030071e+005  3.267356e-001  1.073150e+003  3.300544e-002  6.190007e-002  5.094516e-003  9.000000e-001  4.773612e-008  1.000000e+000  
1.806835e+000  1.030072e+005  3.267356e-001  1.073150e+003  3.300645e-002  6.190204e-002  5.091495e-003  9.000000e-001  9.864226e-009  1.000000e+000  
1.807711e+000  1.030072e+005  3.267356e-001  1.073150e+003  3.300649e-002  6.190233e-002  5.091039e-003  9.000000e-001  1.128062e-007  1.000000e+000  
1.808238e+000  1.030072e+005  3.267356e-001  1.073150e+003  3.300666e-002  6.190249e-002  5.090797e-003  9.000000e-001  2.264827e-008  1.000000e+000  
1.808581e+000  1.030072e+005  3.267356e-001  1.073150e+003  3.300698e-002  6.190303e-002  5.089968e-003  9.000000e-001  1.203470e-008  1.000000e+000  
1.808925e+000  1.030072e+005  3.267356e-001  1.073150e+003  3.300671e-002  6.190280e-002  5.090319e-003  9.000000e-001  1.429053e-007  1.000000e+000  
1.809141e+000  1.030072e+005  3.267356e-001  1.073150e+003  3.300683e-002  6.190285e-002  5.090247e-003  9.000000e-001  4.678265e-008  1.000000e+000  
1.809282e+000  1.030072e+005  3.267356e-001  1.073150e+003  3.300713e-002  6.190324e-002  5.089653e-003  9.000000e-001  4.815664e-008  1.000000e+000  
1.809423e+000  1.030072e+005  3.267356e-001  1.073150e+003  3.300718e-002  6.190344e-002  5.089352e-003  9.000000e-001  9.018510e-009  1.000000e+000  
1.809564e+000  1.030072e+005  3.267356e-001  1.073150e+003  3.300724e-002  6.190361e-002  5.089084e-003  9.000000e-001  3.366107e-008  1.000000e+000  
1.809706e+000  1.030072e+005  3.267356e-001  1.073150e+003  3.300745e-002  6.190391e-002  5.088621e-003  9.000000e-001  1.532310e-008  1.000000e+000  
1.809847e+000  1.030073e+005  3.267356e-001  1.073150e+003  3.300759e-002  6.190416e-002  5.088239e-003  9.000000e-001  1.378013e-008  1.000000e+000  
1.809988e+000  1.030073e+005  3.267356e-001  1.073150e+003  3.300739e-002  6.190402e-002  5.088459e-003  9.000000e-001  1.060504e-007  1.000000e+000  
1.810129e+000  1.030073e+005  3.267356e-001  1.073150e+003  3.300751e-002  6.190413e-002  5.088284e-003  9.000000e-001  4.679397e-008  1.000000e+000  
1.810225e+000  1.030073e+005  3.267356e-001  1.073150e+003  3.300777e-002  6.190445e-002  5.087800e-003  9.000000e-001  4.553198e-008  1.000000e+000  
1.810320e+000  1.030073e+005  3.267356e-001  1.073150e+003  3.300755e-002  6.190429e-002  5.088039e-003  9.000000e-001  9.076954e-008  1.000000e+000  
1.810385e+000  1.030073e+005  3.267356e-001  1.073150e+003  3.300770e-002  6.190444e-002  5.087805e-003  9.000000e-001  2.316704e-008  1.000000e+000  
1.810426e+000  1.030073e+005  3.267356e-001  1.073150e+003  3.300781e-002  6.190458e-002  5.087604e-003  9.000000e-001  1.484238e-008  1.000000e+000  
1.810468e+000  1.030073e+005  3.267356e-001  1.073150e+003  3.300782e-002  6.190462e-002  5.087533e-003  9.000000e-001  1.814921e-009  1.000000e+000  
1.810510e+000  1.030073e+005  3.267356e-001  1.073150e+003  3.300785e-002  6.190469e-002  5.087425e-003  9.000000e-001  4.150765e-009  1.000000e+000  
1.810552e+000  1.030073e+005  3.267356e-001  1.073150e+003  3.300790e-002  6.190477e-002  5.087303e-003  9.000000e-001  1.159054e-009  1.000000e+000  
1.810594e+000  1.030073e+005  3.267356e-001  1.073150e+003  3.300793e-002  6.190484e-002  5.087198e-003  9.000000e-001  7.644129e-010  1.000000e+000  
1.810679e+000  1.030073e+005  3.267356e-001  1.073150e+003  3.300801e-002  6.190498e-002  5.086990e-003  9.000000e-001  9.343890e-010  1.000000e+000  
1.810764e+000  1.030073e+005  3.267356e-001  1.073150e+003  3.300808e-002  6.190511e-002  5.086782e-003  9.000000e-001  2.225852e-010  1.000000e+000  
1.810849e+000  1.030073e+005  3.267356e-001  1.073150e+003  3.300815e-002  6.190525e-002  5.086567e-003  9.000000e-001  6.891086e-011  1.000000e+000  
1.810980e+000  1.030073e+005  3.267356e-001  1.073150e+003  3.300827e-002  6.190547e-002  5.086232e-003  9.000000e-001  5.994621e-011  1.000000e+000  
1.811399e+000  1.030074e+005  3.267356e-001  1.073150e+003  3.300864e-002  6.190617e-002  5.085163e-003  9.000000e-001  5.181777e-011  1.000000e+000  
1.811818e+000  1.030074e+005  3.267356e-001  1.073150e+003  3.300901e-002  6.190687e-002  5.084090e-003  9.000000e-001  3.186847e-011  1.000000e+000  
1.812633e+000  1.030075e+005  3.267356e-001  1.073150e+003  3.300974e-002  6.190823e-002  5.082002e-003  9.000000e-001  3.861256e-011  1.000000e+000  
1.817343e+000  1.030078e+005  3.267356e-001  1.073150e+003  3.301392e-002  6.191606e-002  5.069990e-003  9.000000e-001  3.974881e-011  1.000000e+000  
1.822052e+000  1.030082e+005  3.267356e-001  1.073150e+003  3.301808e-002  6.192386e-002  5.058037e-003  9.000000e-001  3.453223e-011  1.000000e+000  
1.844348e+000  1.030100e+005  3.267356e-001  1.073150e+003  3.303745e-002  6.196020e-002  5.002322e-003  9.000000e-001  3.517647e-011  1.000000e+000  
1.866644e+000  1.030117e+005  3.267356e-001  1.073150e+003  3.305644e-002  6.199580e-002  4.947734e-003  9.000000e-001  1.784732e-011  1.000000e+000  
1.888939e+000  1.030134e+005  3.267356e-001  1.073150e+003  3.307500e-002  6.203062e-002  4.894348e-003  9.000000e-001  3.177474e-011  1.000000e+000  
1.911235e+000  1.030151e+005  3.267356e-001  1.073150e+003  3.309315e-002  6.206466e-002  4.842161e-003  9.000000e-001  4.320497e-011  1.000000e+000  
1.999876e+000  1.030213e+005  3.267356e-001  1.073150e+003  3.316154e-002  6.219293e-002  4.645504e-003  9.000000e-001  6.253786e-011  1.000000e+000  
2.044301e+000  1.030242e+005  3.267356e-001  1.073150e+003  3.319361e-002  6.225306e-002  4.553299e-003  9.000000e-001  4.943897e-011  1.000000e+000  
2.088726e+000  1.030270e+005  3.267356e-001  1.073150e+003  3.322433e-002  6.231068e-002  4.464957e-003  9.000000e-001  6.402821e-011  1.000000e+000  
2.133151e+000  1.030297e+005  3.267356e-001  1.073150e+003  3.325379e-002  6.236594e-002  4.380241e-003  9.000000e-001  7.453558e-011  1.000000e+000  
2.216655e+000  1.030345e+005  3.267356e-001  1.073150e+003  3.330605e-002  6.246394e-002  4.229990e-003  9.000000e-001  6.626074e-011  1.000000e+000  
2.300159e+000  1.030389e+005  3.267356e-001  1.073150e+003  3.335453e-002  6.255487e-002  4.090570e-003  9.000000e-001  7.736190e-011  1.000000e+000  
2.383663e+000  1.030430e+005  3.267356e-001  1.073150e+003  3.339963e-002  6.263945e-002  3.960886e-003  9.000000e-001  8.196773e-011  1.000000e+000  
2.467167e+000  1.030468e+005  3.267356e-001  1.073150e+003  3.344172e-002  6.271838e-002  3.839875e-003  9.000000e-001  4.716484e-011  1.000000e+000  
2.617887e+000  1.030531e+005  3.267356e-001  1.073150e+003  3.351093e-002  6.284819e-002  3.640845e-003  9.000000e-001  6.947365e-012  1.000000e+000  
2.768608e+000  1.030587e+005  3.267356e-001  1.073150e+003  3.357266e-002  6.296395e-002  3.463366e-003  9.000000e-001  1.588337e-011  1.000000e+000  
2.919329e+000  1.030638e+005  3.267356e-001  1.073150e+003  3.362798e-002  6.306770e-002  3.304292e-003  9.000000e-001  1.047346e-011  1.000000e+000  
3.070050e+000  1.030683e+005  3.267356e-001  1.073150e+003  3.367781e-002  6.316116e-002  3.161002e-003  9.000000e-001  1.074471e-011  1.000000e+000  
3.220771e+000  1.030724e+005  3.267356e-001  1.073150e+003  3.372294e-002  6.324580e-002  3.031234e-003  9.000000e-001  2.778114e-011  1.000000e+000  
3.371491e+000  1.030762e+005  3.267356e-001  1.073150e+003  3.376400e-002  6.332280e-002  2.913177e-003  9.000000e-001  5.510455e-011  1.000000e+000  
3.522212e+000  1.030796e+005  3.267356e-001  1.073150e+003  3.380143e-002  6.339300e-002  2.805539e-003  9.000000e-001  2.189830e-011  1.000000e+000  
3.672933e+000  1.030827e+005  3.267356e-001  1.073150e+003  3.383558e-002  6.345704e-002  2.707354e-003  9.000000e-001  6.038721e-011  1.000000e+000  
3.823654e+000  1.030855e+005  3.267356e-001  1.073150e+003  3.386678e-002  6.351556e-002  2.617635e-003  9.000000e-001  1.220491e-010  1.000000e+000  
4.131418e+000  1.030907e+005  3.267356e-001  1.073150e+003  3.392301e-002  6.362102e-002  2.455942e-003  9.000000e-001  5.404529e-011  1.000000e+000  
4.439182e+000  1.030951e+005  3.267356e-001  1.073150e+003  3.397174e-002  6.371242e-002  2.315807e-003  9.000000e-001  3.280274e-010  1.000000e+000  
4.481724e+000  1.030957e+005  3.267356e-001  1.073150e+003  3.397791e-002  6.372399e-002  2.298066e-003  9.000000e-001  6.454742e-011  1.000000e+000  
4.524267e+000  1.030962e+005  3.267356e-001  1.073150e+003  3.398392e-002  6.373526e-002  2.280786e-003  9.000000e-001  8.228275e-011  1.000000e+000  
4.566809e+000  1.030967e+005  3.267356e-001  1.073150e+003  3.398969e-002  6.374609e-002  2.264192e-003  9.000000e-001  3.069033e-010  1.000000e+000  
4.609352e+000  1.030973e+005  3.267356e-001  1.073150e+003  3.399535e-002  6.375668e-002  2.247942e-003  9.000000e-001  1.016282e-010  1.000000e+000  
4.651894e+000  1.030978e+005  3.267356e-001  1.073150e+003  3.400085e-002  6.376701e-002  2.232112e-003  9.000000e-001  2.675909e-010  1.000000e+000  
4.694436e+000  1.030983e+005  3.267356e-001  1.073150e+003  3.400634e-002  6.377730e-002  2.216338e-003  9.000000e-001  8.411852e-011  1.000000e+000  
4.736979e+000  1.030988e+005  3.267356e-001  1.073150e+003  3.401173e-002  6.378741e-002  2.200827e-003  9.000000e-001  6.115411e-011  1.000000e+000  
4.779521e+000  1.030992e+005  3.267356e-001  1.073150e+003  3.401705e-002  6.379739e-002  2.185529e-003  9.000000e-001  5.432396e-011  1.000000e+000  
4.822064e+000  1.030997e+005  3.267356e-001  1.073150e+003  3.402221e-002  6.380708e-002  2.170682e-003  9.000000e-001  1.685758e-010  1.000000e+000  
4.864606e+000  1.031002e+005  3.267356e-001  1.073150e+003  3.402729e-002  6.381660e-002  2.156078e-003  9.000000e-001  5.703232e-012  1.000000e+000  
4.907148e+000  1.031006e+005  3.267356e-001  1.073150e+003  3.403224e-002  6.382588e-002  2.141847e-003  9.000000e-001  1.598407e-010  1.000000e+000  
4.949691e+000  1.031011e+005  3.267356e-001  1.073150e+003  3.403712e-002  6.383503e-002  2.127819e-003  9.000000e-001  8.094987e-012  1.000000e+000  
4.992233e+000  1.031015e+005  3.267356e-001  1.073150e+003  3.404189e-002  6.384397e-002  2.114108e-003  9.000000e-001  1.337759e-010  1.000000e+000  
5.034775e+000  1.031019e+005  3.267356e-001  1.073150e+003  3.404658e-002  6.385278e-002  2.100614e-003  9.000000e-001  3.667881e-011  1.000000e+000  
5.077318e+000  1.031023e+005  3.267356e-001  1.073150e+003  3.405118e-002  6.386139e-002  2.087401e-003  9.000000e-001  1.084251e-010  1.000000e+000  
5.119860e+000  1.031028e+005  3.267356e-001  1.073150e+003  3.405569e-002  6.386986e-002  2.074417e-003  9.000000e-001  6.132749e-011  1.000000e+000  
5.162403e+000  1.031032e+005  3.267356e-001  1.073150e+003  3.406012e-002  6.387817e-002  2.061683e-003  9.000000e-001  9.039438e-011  1.000000e+000  
5.253938e+000  1.031040e+005  3.267356e-001  1.073150e+003  3.406938e-002  6.389554e-002  2.035047e-003  9.000000e-001  8.105572e-011  1.000000e+000  
5.345473e+000  1.031048e+005  3.267356e-001  1.073150e+003  3.407829e-002  6.391224e-002  2.009445e-003  9.000000e-001  8.219102e-011  1.000000e+000  
5.488618e+000  1.031060e+005  3.267356e-001  1.073150e+003  3.409154e-002  6.393710e-002  1.971329e-003  9.000000e-001  8.310669e-011  1.000000e+000  
5.716973e+000  1.031078e+005  3.267356e-001  1.073150e+003  3.411113e-002  6.397383e-002  1.915011e-003  9.000000e-001  8.509921e-011  1.000000e+000  
5.945329e+000  1.031094e+005  3.267356e-001  1.073150e+003  3.412896e-002  6.400727e-002  1.863749e-003  9.000000e-001  8.791827e-011  1.000000e+000  
6.173684e+000  1.031109e+005  3.267356e-001  1.073150e+003  3.414522e-002  6.403777e-002  1.816975e-003  9.000000e-001  8.923240e-011  1.000000e+000  
6.402039e+000  1.031123e+005  3.267356e-001  1.073150e+003  3.416011e-002  6.406569e-002  1.774171e-003  9.000000e-001  9.025612e-011  1.000000e+000  
6.772945e+000  1.031142e+005  3.267356e-001  1.073150e+003  3.418170e-002  6.410619e-002  1.712080e-003  9.000000e-001  9.340375e-011  1.000000e+000  
7.143851e+000  1.031160e+005  3.267356e-001  1.073150e+003  3.420055e-002  6.414154e-002  1.657876e-003  9.000000e-001  9.753749e-011  1.000000e+000  
7.857864e+000  1.031187e+005  3.267356e-001  1.073150e+003  3.423053e-002  6.419776e-002  1.571677e-003  9.000000e-001  1.011541e-010  1.000000e+000  
8.571878e+000  1.031208e+005  3.267356e-001  1.073150e+003  3.425408e-002  6.424194e-002  1.503951e-003  9.000000e-001  1.046430e-010  1.000000e+000  
9.285892e+000  1.031225e+005  3.267356e-001  1.073150e+003  3.427286e-002  6.427716e-002  1.449952e-003  9.000000e-001  1.170500e-010  1.000000e+000  
9.999906e+000  1.031239e+005  3.267356e-001  1.073150e+003  3.428793e-002  6.430542e-002  1.406621e-003  9.000000e-001  1.218503e-010  1.000000e+000  
1.079186e+001  1.031251e+005  3.267356e-001  1.073150e+003  3.430133e-002  6.433054e-002  1.368106e-003  9.000000e-001  1.075959e-010  1.000000e+000  
1.158381e+001  1.031261e+005  3.267356e-001  1.073150e+003  3.431204e-002  6.435062e-002  1.337318e-003  9.000000e-001  9.657246e-011  1.000000e+000  
1.237576e+001  1.031269e+005  3.267356e-001  1.073150e+003  3.432049e-002  6.436647e-002  1.313015e-003  9.000000e-001  1.267054e-010  1.000000e+000  
1.316771e+001  1.031275e+005  3.267356e-001  1.073150e+003  3.432696e-002  6.437861e-002  1.294402e-003  9.000000e-001  1.608341e-010  1.000000e+000  
1.395967e+001  1.031279e+005  3.267356e-001  1.073150e+003  3.433217e-002  6.438838e-002  1.279415e-003  9.000000e-001  1.140330e-010  1.000000e+000  
1.475162e+001  1.031284e+005  3.267356e-001  1.073150e+003  3.433695e-002  6.439734e-002  1.265687e-003  9.000000e-001  2.826954e-011  1.000000e+000  
1.527657e+001  1.031286e+005  3.267356e-001  1.073150e+003  3.433967e-002  6.440246e-002  1.257841e-003  9.000000e-001  1.100559e-010  1.000000e+000  
1.580152e+001  1.031288e+005  3.267356e-001  1.073150e+003  3.434130e-002  6.440550e-002  1.253166e-003  9.000000e-001  2.805283e-010  1.000000e+000  
1.613419e+001  1.031288e+005  3.267356e-001  1.073150e+003  3.434205e-002  6.440692e-002  1.250997e-003  9.000000e-001  1.465765e-010  1.000000e+000  
1.646685e+001  1.031290e+005  3.267356e-001  1.073150e+003  3.434360e-002  6.440982e-002  1.246545e-003  9.000000e-001  1.760304e-010  1.000000e+000  
1.667061e+001  1.031291e+005  3.267356e-001  1.073150e+003  3.434468e-002  6.441185e-002  1.243435e-003  9.000000e-001  6.571524e-011  1.000000e+000  
1.687436e+001  1.031291e+005  3.267356e-001  1.073150e+003  3.434471e-002  6.441190e-002  1.243354e-003  9.000000e-001  6.795276e-010  1.000000e+000  
1.699565e+001  1.031291e+005  3.267356e-001  1.073150e+003  3.434450e-002  6.441151e-002  1.243966e-003  9.000000e-001  2.303001e-010  1.000000e+000  
1.711694e+001  1.031292e+005  3.267356e-001  1.073150e+003  3.434542e-002  6.441323e-002  1.241321e-003  9.000000e-001  9.283505e-010  1.000000e+000  
1.718761e+001  1.031292e+005  3.267356e-001  1.073150e+003  3.434620e-002  6.441469e-002  1.239087e-003  9.000000e-001  9.027730e-011  1.000000e+000  
1.725827e+001  1.031292e+005  3.267356e-001  1.073150e+003  3.434572e-002  6.441380e-002  1.240444e-003  9.000000e-001  2.072134e-009  1.000000e+000  
1.729877e+001  1.031291e+005  3.267356e-001  1.073150e+003  3.434519e-002  6.441279e-002  1.241990e-003  9.000000e-001  5.109623e-010  1.000000e+000  
1.733927e+001  1.031292e+005  3.267356e-001  1.073150e+003  3.434598e-002  6.441427e-002  1.239724e-003  9.000000e-001  3.493637e-009  1.000000e+000  
1.736223e+001  1.031293e+005  3.267356e-001  1.073150e+003  3.434670e-002  6.441564e-002  1.237634e-003  9.000000e-001  6.143562e-010  1.000000e+000  
1.738518e+001  1.031292e+005  3.267356e-001  1.073150e+003  3.434604e-002  6.441440e-002  1.239527e-003  9.000000e-001  6.736716e-009  1.000000e+000  
1.739809e+001  1.031291e+005  3.267356e-001  1.073150e+003  3.434539e-002  6.441317e-002  1.241417e-003  9.000000e-001  1.447283e-009  1.000000e+000  
1.741100e+001  1.031292e+005  3.267356e-001  1.073150e+003  3.434617e-002  6.441462e-002  1.239197e-003  9.000000e-001  1.198877e-008  1.000000e+000  
1.741244e+001  1.031292e+005  3.267356e-001  1.073150e+003  3.434628e-002  6.441483e-002  1.238862e-003  9.000000e-001  9.383168e-011  1.000000e+000  
1.741388e+001  1.031292e+005  3.267356e-001  1.073150e+003  3.434628e-002  6.441485e-002  1.238844e-003  9.000000e-001  3.936189e-010  1.000000e+000  
1.741533e+001  1.031292e+005  3.267356e-001  1.073150e+003  3.434626e-002  6.441481e-002  1.238894e-003  9.000000e-001  2.170507e-010  1.000000e+000  
1.741677e+001  1.031292e+005  3.267356e-001  1.073150e+003  3.434626e-002  6.441481e-002  1.238894e-003  9.000000e-001  1.050498e-010  1.000000e+000  
1.741822e+001  1.031292e+005  3.267356e-001  1.073150e+003  3.434627e-002  6.441483e-002  1.238863e-003  9.000000e-001  1.509731e-010  1.000000e+000  
1.742080e+001  1.031292e+005  3.267356e-001  1.073150e+003  3.434633e-002  6.441493e-002  1.238709e-003  9.000000e-001  1.265116e-010  1.000000e+000  
1.742339e+001  1.031292e+005  3.267356e-001  1.073150e+003  3.434639e-002  6.441506e-002  1.238520e-003  9.000000e-001  1.091058e-010  1.000000e+000  
1.742760e+001  1.031293e+005  3.267356e-001  1.073150e+003  3.434665e-002  6.441553e-002  1.237798e-003  9.000000e-001  1.212744e-010  1.000000e+000  
1.743041e+001  1.031293e+005  3.267356e-001  1.073150e+003  3.434675e-002  6.441572e-002  1.237508e-003  9.000000e-001  1.216749e-010  1.000000e+000  
1.743321e+001  1.031293e+005  3.267356e-001  1.073150e+003  3.434674e-002  6.441571e-002  1.237526e-003  9.000000e-001  1.161042e-010  1.000000e+000  
1.743601e+001  1.031293e+005  3.267356e-001  1.073150e+003  3.434671e-002  6.441564e-002  1.237624e-003  9.000000e-001  1.315412e-010  1.000000e+000  
1.743881e+001  1.031293e+005  3.267356e-001  1.073150e+003  3.434670e-002  6.441564e-002  1.237627e-003  9.000000e-001  1.270239e-010  1.000000e+000  
1.744161e+001  1.031293e+005  3.267356e-001  1.073150e+003  3.434673e-002  6.441569e-002  1.237557e-003  9.000000e-001  1.194172e-010  1.000000e+000  
1.744441e+001  1.031293e+005  3.267356e-001  1.073150e+003  3.434675e-002  6.441572e-002  1.237507e-003  9.000000e-001  1.177130e-010  1.000000e+000  
1.744721e+001  1.031293e+005  3.267356e-001  1.073150e+003  3.434675e-002  6.441572e-002  1.237503e-003  9.000000e-001  1.221026e-010  1.000000e+000  
1.745393e+001  1.031293e+005  3.267356e-001  1.073150e+003  3.434654e-002  6.441533e-002  1.238108e-003  9.000000e-001  1.219574e-010  1.000000e+000  
1.745815e+001  1.031292e+005  3.267356e-001  1.073150e+003  3.434643e-002  6.441512e-002  1.238422e-003  9.000000e-001  1.216445e-010  1.000000e+000  
1.746237e+001  1.031292e+005  3.267356e-001  1.073150e+003  3.434644e-002  6.441514e-002  1.238389e-003  9.000000e-001  1.304521e-010  1.000000e+000  
1.746659e+001  1.031293e+005  3.267356e-001  1.073150e+003  3.434650e-002  6.441525e-002  1.238221e-003  9.000000e-001  1.119889e-010  1.000000e+000  
1.747081e+001  1.031293e+005  3.267356e-001  1.073150e+003  3.434652e-002  6.441530e-002  1.238147e-003  9.000000e-001  1.148076e-010  1.000000e+000  
1.747503e+001  1.031293e+005  3.267356e-001  1.073150e+003  3.434651e-002  6.441528e-002  1.238173e-003  9.000000e-001  1.235674e-010  1.000000e+000  
1.747925e+001  1.031293e+005  3.267356e-001  1.073150e+003  3.434651e-002  6.441527e-002  1.238190e-003  9.000000e-001  1.272626e-010  1.000000e+000  
1.748347e+001  1.031293e+005  3.267356e-001  1.073150e+003  3.434652e-002  6.441530e-002  1.238155e-003  9.000000e-001  1.225730e-010  1.000000e+000  
1.748769e+001  1.031293e+005  3.267356e-001  1.073150e+003  3.434654e-002  6.441533e-002  1.238102e-003  9.000000e-001  1.198827e-010  1.000000e+000  
1.749191e+001  1.031293e+005  3.267356e-001  1.073150e+003  3.434655e-002  6.441535e-002  1.238067e-003  9.000000e-001  1.205876e-010  1.000000e+000  
1.749613e+001  1.031293e+005  3.267356e-001  1.073150e+003  3.434656e-002  6.441536e-002  1.238050e-003  9.000000e-001  1.225152e-010  1.000000e+000  
1.750299e+001  1.031293e+005  3.267356e-001  1.073150e+003  3.434655e-002  6.441536e-002  1.238058e-003  9.000000e-001  1.254386e-010  1.000000e+000  
1.750985e+001  1.031293e+005  3.267356e-001  1.073150e+003  3.434654e-002  6.441534e-002  1.238095e-003  9.000000e-001  1.219387e-010  1.000000e+000  
1.751671e+001  1.031293e+005  3.267356e-001  1.073150e+003  3.434654e-002  6.441532e-002  1.238113e-003  9.000000e-001  1.279175e-010  1.000000e+000  
1.752357e+001  1.031293e+005  3.267356e-001  1.073150e+003  3.434654e-002  6.441534e-002  1.238087e-003  9.000000e-001  1.244482e-010  1.000000e+000  
1.753043e+001  1.031293e+005  3.267356e-001  1.073150e+003  3.434656e-002  6.441537e-002  1.238035e-003  9.000000e-001  1.220887e-010  1.000000e+000  
1.754339e+001  1.031293e+005  3.267356e-001  1.073150e+003  3.434662e-002  6.441548e-002  1.237877e-003  9.000000e-001  1.154356e-010  1.000000e+000  
1.755635e+001  1.031293e+005  3.267356e-001  1.073150e+003  3.434670e-002  6.441563e-002  1.237648e-003  9.000000e-001  1.216690e-010  1.000000e+000  
1.756931e+001  1.031293e+005  3.267356e-001  1.073150e+003  3.434678e-002  6.441578e-002  1.237419e-003  9.000000e-001  1.026656e-010  1.000000e+000  
1.758227e+001  1.031293e+005  3.267356e-001  1.073150e+003  3.434683e-002  6.441587e-002  1.237268e-003  9.000000e-001  1.127456e-010  1.000000e+000  
1.760916e+001  1.031293e+005  3.267356e-001  1.073150e+003  3.434690e-002  6.441601e-002  1.237061e-003  9.000000e-001  1.217405e-010  1.000000e+000  
1.763605e+001  1.031293e+005  3.267356e-001  1.073150e+003  3.434697e-002  6.441613e-002  1.236872e-003  9.000000e-001  1.116788e-010  1.000000e+000  
1.766293e+001  1.031293e+005  3.267356e-001  1.073150e+003  3.434704e-002  6.441626e-002  1.236674e-003  9.000000e-001  1.146424e-010  1.000000e+000  
1.768982e+001  1.031293e+005  3.267356e-001  1.073150e+003  3.434710e-002  6.441638e-002  1.236486e-003  9.000000e-001  1.195543e-010  1.000000e+000  
1.771671e+001  1.031293e+005  3.267356e-001  1.073150e+003  3.434716e-002  6.441650e-002  1.236316e-003  9.000000e-001  1.214146e-010  1.000000e+000  
1.777950e+001  1.031293e+005  3.267356e-001  1.073150e+003  3.434729e-002  6.441674e-002  1.235939e-003  9.000000e-001  1.216020e-010  1.000000e+000  
1.788505e+001  1.031293e+005  3.267356e-001  1.073150e+003  3.434750e-002  6.441713e-002  1.235347e-003  9.000000e-001  1.231044e-010  1.000000e+000  
1.799060e+001  1.031294e+005  3.267356e-001  1.073150e+003  3.434770e-002  6.441750e-002  1.234772e-003  9.000000e-001  1.233230e-010  1.000000e+000  
1.809615e+001  1.031294e+005  3.267356e-001  1.073150e+003  3.434790e-002  6.441787e-002  1.234202e-003  9.000000e-001  1.228507e-010  1.000000e+000  
1.837822e+001  1.031294e+005  3.267356e-001  1.073150e+003  3.434840e-002  6.441882e-002  1.232757e-003  9.000000e-001  1.235670e-010  1.000000e+000  
1.866029e+001  1.031295e+005  3.267356e-001  1.073150e+003  3.434887e-002  6.441970e-002  1.231396e-003  9.000000e-001  1.226878e-010  1.000000e+000  
1.937792e+001  1.031296e+005  3.267356e-001  1.073150e+003  3.434993e-002  6.442170e-002  1.228342e-003  9.000000e-001  1.230417e-010  1.000000e+000  
2.083810e+001  1.031297e+005  3.267356e-001  1.073150e+003  3.435160e-002  6.442482e-002  1.223545e-003  9.000000e-001  1.231544e-010  1.000000e+000  
2.229827e+001  1.031298e+005  3.267356e-001  1.073150e+003  3.435274e-002  6.442696e-002  1.220268e-003  9.000000e-001  1.234274e-010  1.000000e+000  
2.375844e+001  1.031299e+005  3.267356e-001  1.073150e+003  3.435351e-002  6.442840e-002  1.218064e-003  9.000000e-001  1.236122e-010  1.000000e+000  
2.521862e+001  1.031299e+005  3.267356e-001  1.073150e+003  3.435402e-002  6.442936e-002  1.216595e-003  9.000000e-001  1.237343e-010  1.000000e+000  
2.667879e+001  1.031300e+005  3.267356e-001  1.073150e+003  3.435436e-002  6.442999e-002  1.215621e-003  9.000000e-001  1.238162e-010  1.000000e+000  
2.813896e+001  1.031300e+005  3.267356e-001  1.073150e+003  3.435458e-002  6.443041e-002  1.214977e-003  9.000000e-001  1.238705e-010  1.000000e+000  
2.959913e+001  1.031300e+005  3.267356e-001  1.073150e+003  3.435473e-002  6.443069e-002  1.214552e-003  9.000000e-001  1.239064e-010  1.000000e+000  
3.105931e+001  1.031300e+005  3.267356e-001  1.073150e+003  3.435483e-002  6.443087e-002  1.214271e-003  9.000000e-001  1.239300e-010  1.000000e+000  
3.331059e+001  1.031300e+005  3.267356e-001  1.073150e+003  3.435491e-002  6.443103e-002  1.214024e-003  9.000000e-001  1.239508e-010  1.000000e+000  
3.556187e+001  1.031300e+005  3.267356e-001  1.073150e+003  3.435496e-002  6.443111e-002  1.213902e-003  9.000000e-001  1.239613e-010  1.000000e+000  
3.974897e+001  1.031300e+005  3.267356e-001  1.073150e+003  3.435498e-002  6.443116e-002  1.213831e-003  9.000000e-001  1.239673e-010  1.000000e+000  
4.393607e+001  1.031300e+005  3.267356e-001  1.073150e+003  3.435499e-002  6.443118e-002  1.213805e-003  9.000000e-001  1.239701e-010  1.000000e+000  
5.039709e+001  1.031300e+005  3.267356e-001  1.073150e+003  3.435500e-002  6.443119e-002  1.213785e-003  9.000000e-001  1.239712e-010  1.000000e+000  
5.685812e+001  1.031300e+005  3.267356e-001  1.073150e+003  3.435501e-002  6.443121e-002  1.213758e-003  9.000000e-001  1.239740e-010  1.000000e+000  
