time          Z             SDR           rho           mu            cp            T             Radiation     H2            O2            H2O           H             O             OH            HO2           H2O2          N2            sumfracs      
1.000000e+03  0.000000e+00  0.000000e+00  1.153241e+00  1.857880e-05  1.012819e+03  3.000000e+02  0.000000e+00  0.000000e+00  2.100000e-01  0.000000e+00  7.114187e-18  6.433606e-18  0.000000e+00  0.000000e+00  0.000000e+00  7.900000e-01  1.000000e+00  
1.000000e+03  3.112975e-04  7.290676e-04  1.025688e+00  2.021708e-05  1.019390e+03  3.366610e+02  0.000000e+00  1.653802e-06  2.074754e-01  2.766065e-03  6.685302e-14  2.860936e-12  2.733629e-07  7.749921e-07  1.715007e-06  7.897541e-01  1.000000e+00  
1.000000e+03  8.506950e-04  4.685690e-03  8.625554e-01  2.280813e-05  1.031636e+03  3.990069e+02  0.000000e+00  4.519616e-06  2.031010e-01  7.558770e-03  4.016505e-12  2.935038e-10  1.514174e-06  2.297235e-06  3.990288e-06  7.893279e-01  1.000000e+00  
1.000000e+03  1.246363e-03  9.442894e-03  7.731140e-01  2.457295e-05  1.041483e+03  4.440890e+02  0.000000e+00  6.622570e-06  1.998919e-01  1.107425e-02  2.616343e-11  3.426834e-09  2.925505e-06  3.611848e-06  5.304475e-06  7.890154e-01  1.000000e+00  
1.000000e+03  1.548885e-03  1.404432e-02  7.166728e-01  2.584088e-05  1.049547e+03  4.781769e+02  0.000000e+00  8.231467e-06  1.974381e-01  1.376202e-02  8.703222e-11  1.829699e-08  4.286780e-06  4.772093e-06  6.165026e-06  7.887764e-01  1.000000e+00  
1.000000e+03  1.791365e-03  1.830428e-02  6.772734e-01  2.682044e-05  1.056350e+03  5.052449e+02  0.000000e+00  9.522126e-06  1.954712e-01  1.591624e-02  2.161783e-10  6.173538e-08  5.571876e-06  5.824525e-06  6.782877e-06  7.885848e-01  1.000000e+00  
1.000000e+03  1.990000e-03  2.215960e-02  6.482229e-01  2.760316e-05  1.062145e+03  5.272482e+02  0.000000e+00  1.058043e-05  1.938597e-01  1.768084e-02  4.459014e-10  1.495934e-07  6.763321e-06  6.777691e-06  7.250497e-06  7.884279e-01  1.000000e+00  
1.000000e+03  2.164100e-03  2.580231e-02  6.248334e-01  2.827122e-05  1.067386e+03  5.464046e+02  0.000000e+00  1.150899e-05  1.924472e-01  1.922740e-02  8.249247e-10  2.986447e-07  7.921042e-06  7.686350e-06  7.635835e-06  7.882904e-01  1.000000e+00  
1.000000e+03  2.326830e-03  2.942499e-02  6.045283e-01  2.888091e-05  1.072415e+03  5.641979e+02  0.000000e+00  1.237797e-05  1.911267e-01  2.067289e-02  1.434446e-09  5.330674e-07  9.109616e-06  8.600957e-06  7.977631e-06  7.881618e-01  1.000000e+00  
1.000000e+03  2.485380e-03  3.315330e-02  5.860483e-01  2.945923e-05  1.077433e+03  5.814276e+02  0.000000e+00  1.322581e-05  1.898400e-01  2.208116e-02  2.400006e-09  8.856308e-07  1.037779e-05  9.554425e-06  8.295273e-06  7.880365e-01  1.000000e+00  
1.000000e+03  2.642910e-03  3.704849e-02  5.688426e-01  3.002941e-05  1.082528e+03  5.984403e+02  0.000000e+00  1.406960e-05  1.885612e-01  2.348029e-02  3.898010e-09  1.394231e-06  1.175775e-05  1.056269e-05  8.597246e-06  7.879121e-01  1.000000e+00  
1.000000e+03  2.800612e-03  4.113543e-02  5.526683e-01  3.059168e-05  1.087730e+03  6.153641e+02  0.000000e+00  1.491596e-05  1.872808e-01  2.488084e-02  6.162093e-09  2.097874e-06  1.327274e-05  1.163105e-05  8.887158e-06  7.877875e-01  1.000000e+00  
1.000000e+03  2.959603e-03  4.544270e-02  5.373326e-01  3.114706e-05  1.093073e+03  6.323160e+02  0.000000e+00  1.577120e-05  1.859897e-01  2.629272e-02  9.507265e-09  3.038162e-06  1.495090e-05  1.276417e-05  9.167961e-06  7.876619e-01  1.000000e+00  
1.000000e+03  3.122298e-03  5.004175e-02  5.225615e-01  3.170405e-05  1.098635e+03  6.495478e+02  0.000000e+00  1.664877e-05  1.846681e-01  2.773735e-02  1.440397e-08  4.270915e-06  1.684299e-05  1.397621e-05  9.444350e-06  7.875334e-01  1.000000e+00  
1.000000e+03  3.292423e-03  5.505486e-02  5.080277e-01  3.227576e-05  1.104542e+03  6.674410e+02  0.000000e+00  1.756944e-05  1.832857e-01  2.924780e-02  2.161190e-08  5.880855e-06  1.903335e-05  1.529241e-05  9.722407e-06  7.873990e-01  1.000000e+00  
1.000000e+03  3.472715e-03  6.059186e-02  4.935551e-01  3.286893e-05  1.110894e+03  6.862620e+02  0.000000e+00  1.854910e-05  1.818202e-01  3.084831e-02  3.227768e-08  7.973198e-06  2.162178e-05  1.673075e-05  1.000570e-05  7.872566e-01  1.000000e+00  
1.000000e+03  3.661668e-03  6.663880e-02  4.793239e-01  3.348396e-05  1.117638e+03  7.058286e+02  0.000000e+00  1.958101e-05  1.802838e-01  3.252543e-02  4.778048e-08  1.062095e-05  2.467069e-05  1.827134e-05  1.029086e-05  7.871073e-01  1.000000e+00  
1.000000e+03  3.853833e-03  7.304081e-02  4.657461e-01  3.409646e-05  1.124572e+03  7.255606e+02  0.000000e+00  2.063690e-05  1.787207e-01  3.423075e-02  6.933853e-08  1.381632e-05  2.817243e-05  1.985416e-05  1.056940e-05  7.869555e-01  1.000000e+00  
1.000000e+03  4.044548e-03  7.964234e-02  4.530837e-01  3.469126e-05  1.131512e+03  7.449774e+02  0.000000e+00  2.169237e-05  1.771687e-01  3.592283e-02  9.793727e-08  1.750956e-05  3.209780e-05  2.142032e-05  1.083529e-05  7.868048e-01  1.000000e+00  
1.000000e+03  4.232883e-03  8.640033e-02  4.413051e-01  3.526677e-05  1.138406e+03  7.639898e+02  0.000000e+00  2.274324e-05  1.756355e-01  3.759340e-02  1.347947e-07  2.168886e-05  3.646692e-05  2.294172e-05  1.108837e-05  7.866560e-01  1.000000e+00  
1.000000e+03  4.420053e-03  9.334848e-02  4.302545e-01  3.582759e-05  1.145280e+03  7.827252e+02  0.000000e+00  2.379747e-05  1.741112e-01  3.925318e-02  1.816496e-07  2.639294e-05  4.135131e-05  2.440900e-05  1.133127e-05  7.865082e-01  1.000000e+00  
1.000000e+03  4.607670e-03  1.005423e-01  4.197800e-01  3.638302e-05  1.152176e+03  8.013460e+02  0.000000e+00  2.486565e-05  1.725826e-01  4.091642e-02  2.407667e-07  3.169050e-05  4.685113e-05  2.581613e-05  1.156689e-05  7.863599e-01  1.000000e+00  
1.000000e+03  4.797960e-03  1.080698e-01  4.097239e-01  3.693754e-05  1.159158e+03  8.200695e+02  0.000000e+00  2.596257e-05  1.710316e-01  4.260277e-02  3.152848e-07  3.769557e-05  5.311296e-05  2.716041e-05  1.179861e-05  7.862096e-01  1.000000e+00  
1.000000e+03  4.993808e-03  1.160573e-01  3.999245e-01  3.749772e-05  1.166312e+03  8.391690e+02  0.000000e+00  2.710802e-05  1.694345e-01  4.433767e-02  4.097607e-07  4.458575e-05  6.035232e-05  2.844009e-05  1.203035e-05  7.860549e-01  1.000000e+00  
1.000000e+03  5.197425e-03  1.246167e-01  3.902822e-01  3.806877e-05  1.173693e+03  8.588428e+02  0.000000e+00  2.831953e-05  1.677733e-01  4.614055e-02  5.300911e-07  5.257013e-05  6.882465e-05  2.964336e-05  1.226501e-05  7.858940e-01  1.000000e+00  
1.000000e+03  5.408700e-03  1.337694e-01  3.808196e-01  3.865039e-05  1.181268e+03  8.790584e+02  0.000000e+00  2.960260e-05  1.660486e-01  4.801021e-02  6.823724e-07  6.181091e-05  7.874454e-05  3.074137e-05  1.250288e-05  7.857271e-01  1.000000e+00  
1.000000e+03  5.624900e-03  1.434180e-01  3.716631e-01  3.923617e-05  1.188903e+03  8.995368e+02  0.000000e+00  3.094769e-05  1.642826e-01  4.992222e-02  8.712675e-07  7.235739e-05  9.021153e-05  3.169665e-05  1.274165e-05  7.855563e-01  1.000000e+00  
1.000000e+03  5.842300e-03  1.534046e-01  3.629505e-01  3.981383e-05  1.196436e+03  9.199172e+02  0.000000e+00  3.233854e-05  1.625057e-01  5.184343e-02  1.099383e-06  8.416043e-05  1.032183e-04  3.248115e-05  1.297833e-05  7.853846e-01  1.000000e+00  
1.000000e+03  6.058575e-03  1.636192e-01  3.547368e-01  4.037839e-05  1.203758e+03  9.399831e+02  0.000000e+00  3.376656e-05  1.607368e-01  5.375311e-02  1.368811e-06  9.717825e-05  1.177627e-04  3.308747e-05  1.321167e-05  7.852137e-01  1.000000e+00  
1.000000e+03  6.273350e-03  1.740355e-01  3.469940e-01  4.092824e-05  1.210835e+03  9.597052e+02  0.000000e+00  3.523550e-05  1.589789e-01  5.564782e-02  1.682907e-06  1.114478e-04  1.339312e-04  3.352311e-05  1.344244e-05  7.850440e-01  1.000000e+00  
1.000000e+03  6.487075e-03  1.846675e-01  3.396683e-01  4.146568e-05  1.217659e+03  9.791298e+02  0.000000e+00  3.675543e-05  1.572282e-01  5.753135e-02  2.046148e-06  1.270549e-04  1.518721e-04  3.380086e-05  1.367212e-05  7.848752e-01  1.000000e+00  
1.000000e+03  6.700225e-03  1.955327e-01  3.327121e-01  4.199455e-05  1.224224e+03  9.983039e+02  0.000000e+00  3.833786e-05  1.554810e-01  5.940771e-02  2.463445e-06  1.440934e-04  1.717522e-04  3.393472e-05  1.390200e-05  7.847068e-01  1.000000e+00  
1.000000e+03  6.913125e-03  2.066433e-01  3.260885e-01  4.251369e-05  1.230520e+03  1.017259e+03  0.000000e+00  3.999455e-05  1.537344e-01  6.127956e-02  2.939787e-06  1.626494e-04  1.937400e-04  3.393927e-05  1.413300e-05  7.845386e-01  1.000000e+00  
1.000000e+03  7.126000e-03  2.180078e-01  3.197681e-01  4.302411e-05  1.236745e+03  1.036017e+03  0.000000e+00  4.173789e-05  1.519867e-01  6.314867e-02  3.480241e-06  1.828008e-04  2.180056e-04  3.382944e-05  1.436566e-05  7.843705e-01  1.000000e+00  
1.000000e+03  7.338925e-03  2.296274e-01  3.137294e-01  4.352692e-05  1.242912e+03  1.054582e+03  0.000000e+00  4.358035e-05  1.502371e-01  6.501546e-02  4.089682e-06  2.046084e-04  2.447088e-04  3.362030e-05  1.460011e-05  7.842022e-01  1.000000e+00  
1.000000e+03  7.552000e-03  2.415054e-01  3.079522e-01  4.402149e-05  1.249025e+03  1.072961e+03  0.000000e+00  4.553581e-05  1.484849e-01  6.688056e-02  4.773127e-06  2.281290e-04  2.740141e-04  3.332654e-05  1.483619e-05  7.840339e-01  1.000000e+00  
1.000000e+03  7.765425e-03  2.536513e-01  3.024157e-01  4.450875e-05  1.255092e+03  1.091169e+03  0.000000e+00  4.762053e-05  1.467285e-01  6.874547e-02  5.536116e-06  2.534262e-04  3.061045e-04  3.296189e-05  1.507357e-05  7.838653e-01  1.000000e+00  
1.000000e+03  7.979400e-03  2.660755e-01  2.971013e-01  4.498877e-05  1.261118e+03  1.109221e+03  0.000000e+00  4.985241e-05  1.449663e-01  7.061165e-02  6.384498e-06  2.805609e-04  3.411693e-04  3.253886e-05  1.531160e-05  7.836963e-01  1.000000e+00  
1.000000e+03  8.194225e-03  2.787954e-01  2.919898e-01  4.546210e-05  1.267114e+03  1.127138e+03  0.000000e+00  5.225225e-05  1.431958e-01  7.248143e-02  7.324914e-06  3.096056e-04  3.794223e-04  3.206844e-05  1.554942e-05  7.835266e-01  1.000000e+00  
1.000000e+03  8.410225e-03  2.918314e-01  2.870633e-01  4.592932e-05  1.273088e+03  1.144945e+03  0.000000e+00  5.484348e-05  1.414145e-01  7.435732e-02  8.364751e-06  3.406385e-04  4.210948e-04  3.156015e-05  1.578587e-05  7.833559e-01  1.000000e+00  
1.000000e+03  8.627725e-03  3.052052e-01  2.823061e-01  4.639189e-05  1.279050e+03  1.162661e+03  0.000000e+00  5.765206e-05  1.396198e-01  7.624177e-02  9.512075e-06  3.737395e-04  4.664308e-04  3.102214e-05  1.601947e-05  7.831841e-01  1.000000e+00  
1.000000e+03  8.847100e-03  3.189432e-01  2.777030e-01  4.685219e-05  1.285010e+03  1.180312e+03  0.000000e+00  6.070758e-05  1.378087e-01  7.813766e-02  1.077607e-05  4.089998e-04  5.157002e-04  3.046119e-05  1.624845e-05  7.830108e-01  1.000000e+00  
1.000000e+03  9.068600e-03  3.330657e-01  2.732429e-01  4.731062e-05  1.290975e+03  1.197911e+03  0.000000e+00  6.404113e-05  1.359793e-01  8.004671e-02  1.216612e-05  4.464936e-04  5.691593e-04  2.988327e-05  1.647056e-05  7.828358e-01  1.000000e+00  
1.000000e+03  9.292600e-03  3.476019e-01  2.689135e-01  4.776604e-05  1.296955e+03  1.215480e+03  0.000000e+00  6.768887e-05  1.341287e-01  8.197171e-02  1.369328e-05  4.863164e-04  6.271037e-04  2.929302e-05  1.668338e-05  7.826588e-01  1.000000e+00  
1.000000e+03  9.519650e-03  3.625948e-01  2.647006e-01  4.821927e-05  1.302963e+03  1.233052e+03  0.000000e+00  7.169445e-05  1.322525e-01  8.391686e-02  1.537121e-05  5.286025e-04  6.898978e-04  2.869373e-05  1.688428e-05  7.824795e-01  1.000000e+00  
1.000000e+03  9.750025e-03  3.780708e-01  2.605966e-01  4.867053e-05  1.309005e+03  1.250638e+03  0.000000e+00  7.610187e-05  1.303488e-01  8.588395e-02  1.721318e-05  5.734413e-04  7.578538e-04  2.808872e-05  1.707011e-05  7.822975e-01  1.000000e+00  
1.000000e+03  9.984125e-03  3.940667e-01  2.565925e-01  4.912022e-05  1.315092e+03  1.268257e+03  0.000000e+00  8.096198e-05  1.284145e-01  8.787576e-02  1.923469e-05  6.209454e-04  8.313277e-04  2.748028e-05  1.723754e-05  7.821125e-01  1.000000e+00  
1.000000e+03  1.022202e-02  4.105979e-01  2.526858e-01  4.956807e-05  1.321223e+03  1.285901e+03  0.000000e+00  8.632478e-05  1.264494e-01  8.989226e-02  2.145022e-05  6.711646e-04  9.105911e-04  2.687108e-05  1.738283e-05  7.819246e-01  1.000000e+00  
1.000000e+03  1.046390e-02  4.276877e-01  2.488723e-01  5.001452e-05  1.327402e+03  1.303570e+03  0.000000e+00  9.224547e-05  1.244523e-01  9.193421e-02  2.387582e-05  7.241561e-04  9.959286e-04  2.626295e-05  1.750238e-05  7.817335e-01  1.000000e+00  
1.000000e+03  1.071125e-02  4.454560e-01  2.451287e-01  5.046150e-05  1.333665e+03  1.321359e+03  0.000000e+00  9.882097e-05  1.224114e-01  9.401345e-02  2.654377e-05  7.802775e-04  1.088129e-03  2.565410e-05  1.759307e-05  7.815381e-01  1.000000e+00  
1.000000e+03  1.096405e-02  4.639177e-01  2.414568e-01  5.090823e-05  1.340010e+03  1.339244e+03  0.000000e+00  1.061233e-04  1.203275e-01  9.612877e-02  2.947503e-05  8.395655e-04  1.187495e-03  2.504643e-05  1.765086e-05  7.813384e-01  1.000000e+00  
1.000000e+03  1.122210e-02  4.830745e-01  2.378605e-01  5.135378e-05  1.346429e+03  1.357195e+03  0.000000e+00  1.142193e-04  1.182027e-01  9.827754e-02  3.268802e-05  9.019811e-04  1.294188e-03  2.444174e-05  1.767239e-05  7.811345e-01  1.000000e+00  
1.000000e+03  1.148735e-02  5.030910e-01  2.343148e-01  5.180273e-05  1.352967e+03  1.375326e+03  0.000000e+00  1.232575e-04  1.160219e-01  1.004748e-01  3.623229e-05  9.680112e-04  1.409299e-03  2.383672e-05  1.765466e-05  7.809250e-01  1.000000e+00  
1.000000e+03  1.175925e-02  5.239482e-01  2.308302e-01  5.225354e-05  1.359609e+03  1.393571e+03  0.000000e+00  1.333235e-04  1.137903e-01  1.027147e-01  4.013104e-05  1.037538e-03  1.532916e-03  2.323391e-05  1.759476e-05  7.807102e-01  1.000000e+00  
1.000000e+03  1.203740e-02  5.456362e-01  2.274137e-01  5.270344e-05  1.366342e+03  1.411883e+03  0.000000e+00  1.445024e-04  1.115124e-01  1.049927e-01  4.440703e-05  1.110424e-03  1.665059e-03  2.263491e-05  1.749142e-05  7.804905e-01  1.000000e+00  
1.000000e+03  1.232447e-02  5.683892e-01  2.240356e-01  5.315591e-05  1.373227e+03  1.430408e+03  0.000000e+00  1.570249e-04  1.091672e-01  1.073290e-01  4.913705e-05  1.187339e-03  1.807257e-03  2.203483e-05  1.734268e-05  7.802637e-01  1.000000e+00  
1.000000e+03  1.261900e-02  5.921185e-01  2.207177e-01  5.361335e-05  1.380225e+03  1.449020e+03  0.000000e+00  1.709753e-04  1.067683e-01  1.097099e-01  5.433982e-05  1.267846e-03  1.959060e-03  2.143778e-05  1.714901e-05  7.800310e-01  1.000000e+00  
1.000000e+03  1.291860e-02  6.166535e-01  2.174868e-01  5.406701e-05  1.387278e+03  1.467544e+03  0.000000e+00  1.863636e-04  1.043365e-01  1.121146e-01  6.000760e-05  1.351165e-03  2.119281e-03  2.084870e-05  1.691424e-05  7.797943e-01  1.000000e+00  
1.000000e+03  1.322645e-02  6.422767e-01  2.143096e-01  5.452091e-05  1.394456e+03  1.486155e+03  0.000000e+00  2.034919e-04  1.018474e-01  1.145672e-01  6.623903e-05  1.438025e-03  2.289629e-03  2.026155e-05  1.663898e-05  7.795511e-01  1.000000e+00  
1.000000e+03  1.354243e-02  6.690066e-01  2.111905e-01  5.497394e-05  1.401755e+03  1.504809e+03  0.000000e+00  2.225397e-04  9.930414e-02  1.170644e-01  7.308406e-05  1.528230e-03  2.470118e-03  1.967724e-05  1.632665e-05  7.793015e-01  1.000000e+00  
1.000000e+03  1.386185e-02  6.964672e-01  2.081750e-01  5.541922e-05  1.409064e+03  1.523208e+03  0.000000e+00  2.433767e-04  9.674616e-02  1.195677e-01  8.048194e-05  1.620202e-03  2.657904e-03  1.910433e-05  1.598695e-05  7.790491e-01  1.000000e+00  
1.000000e+03  1.418440e-02  7.246392e-01  2.052618e-01  5.585577e-05  1.416375e+03  1.541326e+03  0.000000e+00  2.660968e-04  9.417768e-02  1.220733e-01  8.845365e-05  1.713551e-03  2.852414e-03  1.854272e-05  1.562611e-05  7.787943e-01  1.000000e+00  
1.000000e+03  1.451167e-02  7.536742e-01  2.024336e-01  5.628541e-05  1.423725e+03  1.559237e+03  0.000000e+00  2.909568e-04  9.158789e-02  1.245924e-01  9.707479e-05  1.808425e-03  3.054239e-03  1.798924e-05  1.524789e-05  7.785358e-01  1.000000e+00  
1.000000e+03  1.484217e-02  7.834508e-01  1.997007e-01  5.670765e-05  1.431078e+03  1.576845e+03  0.000000e+00  3.179955e-04  8.899070e-02  1.271119e-01  1.063430e-04  1.904045e-03  3.262008e-03  1.744608e-05  1.485925e-05  7.782747e-01  1.000000e+00  
1.000000e+03  1.517372e-02  8.137772e-01  1.970762e-01  5.711826e-05  1.438388e+03  1.594030e+03  0.000000e+00  3.471550e-04  8.640501e-02  1.296143e-01  1.162231e-04  1.999413e-03  3.473780e-03  1.691610e-05  1.446753e-05  7.780128e-01  1.000000e+00  
1.000000e+03  1.550610e-02  8.446319e-01  1.945562e-01  5.751693e-05  1.445650e+03  1.610780e+03  0.000000e+00  3.785161e-04  8.383420e-02  1.320970e-01  1.267275e-04  2.094092e-03  3.688762e-03  1.639878e-05  1.407698e-05  7.777502e-01  1.000000e+00  
1.000000e+03  1.583972e-02  8.760541e-01  1.921324e-01  5.790421e-05  1.452875e+03  1.627117e+03  0.000000e+00  4.122287e-04  8.127671e-02  1.345626e-01  1.378892e-04  2.187818e-03  3.906561e-03  1.589273e-05  1.369030e-05  7.774866e-01  1.000000e+00  
1.000000e+03  1.617415e-02  9.080011e-01  1.898032e-01  5.827962e-05  1.460054e+03  1.643018e+03  0.000000e+00  4.483605e-04  7.873774e-02  1.370068e-01  1.497121e-04  2.280075e-03  4.126185e-03  1.539795e-05  1.331041e-05  7.772224e-01  1.000000e+00  
1.000000e+03  1.650890e-02  9.404252e-01  1.875669e-01  5.864277e-05  1.467179e+03  1.658465e+03  0.000000e+00  4.869629e-04  7.622256e-02  1.394255e-01  1.621934e-04  2.370346e-03  4.346602e-03  1.491444e-05  1.293954e-05  7.769580e-01  1.000000e+00  
1.000000e+03  1.684508e-02  9.734322e-01  1.854118e-01  5.899493e-05  1.474274e+03  1.673509e+03  0.000000e+00  5.282722e-04  7.372462e-02  1.418260e-01  1.753878e-04  2.458539e-03  4.567799e-03  1.443997e-05  1.257759e-05  7.766924e-01  1.000000e+00  
1.000000e+03  1.718467e-02  1.007224e+00  1.833222e-01  5.933814e-05  1.481381e+03  1.688236e+03  0.000000e+00  5.726883e-04  7.123124e-02  1.442213e-01  1.893965e-04  2.544748e-03  4.790328e-03  1.397131e-05  1.222321e-05  7.764241e-01  1.000000e+00  
1.000000e+03  1.752745e-02  1.041783e+00  1.812978e-01  5.967193e-05  1.488495e+03  1.702624e+03  0.000000e+00  6.203675e-04  6.874685e-02  1.466082e-01  2.042372e-04  2.628439e-03  5.013208e-03  1.350862e-05  1.187724e-05  7.761533e-01  1.000000e+00  
1.000000e+03  1.787122e-02  1.076896e+00  1.793484e-01  5.999416e-05  1.495572e+03  1.716580e+03  0.000000e+00  6.711649e-04  6.628941e-02  1.489704e-01  2.198329e-04  2.708641e-03  5.234198e-03  1.305447e-05  1.154198e-05  7.758817e-01  1.000000e+00  
1.000000e+03  1.821680e-02  1.112644e+00  1.774662e-01  6.030938e-05  1.502628e+03  1.730138e+03  0.000000e+00  7.253310e-04  6.385512e-02  1.513126e-01  2.362272e-04  2.785140e-03  5.453001e-03  1.260737e-05  1.121638e-05  7.756087e-01  1.000000e+00  
1.000000e+03  1.856995e-02  1.149639e+00  1.756187e-01  6.061949e-05  1.509780e+03  1.743513e+03  0.000000e+00  7.840025e-04  6.140628e-02  1.536722e-01  2.537204e-04  2.858692e-03  5.672333e-03  1.215975e-05  1.089492e-05  7.753297e-01  1.000000e+00  
1.000000e+03  1.893497e-02  1.188366e+00  1.737859e-01  6.092736e-05  1.517113e+03  1.756833e+03  0.000000e+00  8.483150e-04  5.891830e-02  1.560741e-01  2.725872e-04  2.929410e-03  5.893610e-03  1.170670e-05  1.057402e-05  7.750414e-01  1.000000e+00  
1.000000e+03  1.930827e-02  1.228478e+00  1.719884e-01  6.123031e-05  1.524550e+03  1.769927e+03  0.000000e+00  9.181029e-04  5.642144e-02  1.584908e-01  2.927037e-04  2.995740e-03  6.113227e-03  1.125325e-05  1.025707e-05  7.747465e-01  1.000000e+00  
1.000000e+03  1.968375e-02  1.269337e+00  1.702548e-01  6.152187e-05  1.531967e+03  1.782570e+03  0.000000e+00  9.925318e-04  5.396028e-02  1.608805e-01  3.137609e-04  3.055983e-03  6.326396e-03  1.080687e-05  9.948798e-06  7.744498e-01  1.000000e+00  
1.000000e+03  2.006673e-02  1.311536e+00  1.685588e-01  6.180605e-05  1.539472e+03  1.794935e+03  0.000000e+00  1.072920e-03  5.150307e-02  1.632752e-01  3.360607e-04  3.110466e-03  6.535020e-03  1.036112e-05  9.644199e-06  7.741473e-01  1.000000e+00  
1.000000e+03  2.047300e-02  1.356875e+00  1.668352e-01  6.209320e-05  1.547367e+03  1.807478e+03  0.000000e+00  1.163304e-03  4.895693e-02  1.657677e-01  3.605980e-04  3.160241e-03  6.745631e-03  9.898630e-06  9.330922e-06  7.738263e-01  1.000000e+00  
1.000000e+03  2.090427e-02  1.405643e+00  1.650870e-01  6.238194e-05  1.555673e+03  1.820145e+03  0.000000e+00  1.265318e-03  4.632581e-02  1.683579e-01  3.876170e-04  3.203544e-03  6.955772e-03  9.419674e-06  9.008515e-06  7.734856e-01  1.000000e+00  
1.000000e+03  2.134553e-02  1.456212e+00  1.633806e-01  6.266053e-05  1.564095e+03  1.832428e+03  0.000000e+00  1.376410e-03  4.371280e-02  1.709473e-01  4.162454e-04  3.237339e-03  7.155226e-03  8.942376e-06  8.688264e-06  7.731370e-01  1.000000e+00  
1.000000e+03  2.179867e-02  1.508845e+00  1.617086e-01  6.292967e-05  1.572665e+03  1.844358e+03  0.000000e+00  1.497685e-03  4.111308e-02  1.735430e-01  4.465942e-04  3.260919e-03  7.342871e-03  8.465073e-06  8.368170e-06  7.727790e-01  1.000000e+00  
1.000000e+03  2.228830e-02  1.566504e+00  1.599883e-01  6.320168e-05  1.581840e+03  1.856491e+03  0.000000e+00  1.637181e-03  3.840163e-02  1.762741e-01  4.803725e-04  3.273577e-03  7.524895e-03  7.964026e-06  8.031103e-06  7.723922e-01  1.000000e+00  
1.000000e+03  2.282075e-02  1.630124e+00  1.582146e-01  6.347539e-05  1.591717e+03  1.868793e+03  0.000000e+00  1.799462e-03  3.557330e-02  1.791540e-01  5.181623e-04  3.271850e-03  7.696472e-03  7.437421e-06  7.673697e-06  7.719716e-01  1.000000e+00  
1.000000e+03  2.337925e-02  1.697872e+00  1.564559e-01  6.373849e-05  1.601966e+03  1.880727e+03  0.000000e+00  1.982014e-03  3.274415e-02  1.820721e-01  5.587998e-04  3.252803e-03  7.845525e-03  6.905835e-06  7.307661e-06  7.715304e-01  1.000000e+00  
1.000000e+03  2.397175e-02  1.770864e+00  1.546948e-01  6.399214e-05  1.612723e+03  1.892360e+03  0.000000e+00  2.189726e-03  2.989598e-02  1.850532e-01  6.027624e-04  3.214095e-03  7.968599e-03  6.364751e-06  6.927981e-06  7.710623e-01  1.000000e+00  
1.000000e+03  2.462430e-02  1.852570e+00  1.528720e-01  6.424203e-05  1.624434e+03  1.903979e+03  0.000000e+00  2.436012e-03  2.694518e-02  1.881966e-01  6.518648e-04  3.150165e-03  8.061103e-03  5.797076e-06  6.519016e-06  7.705468e-01  1.000000e+00  
1.000000e+03  2.533528e-02  1.943136e+00  1.510165e-01  6.448001e-05  1.637033e+03  1.915250e+03  0.000000e+00  2.726418e-03  2.395683e-02  1.914489e-01  7.057039e-04  3.056444e-03  8.109281e-03  5.213943e-06  6.083498e-06  7.699851e-01  1.000000e+00  
1.000000e+03  2.610445e-02  2.042901e+00  1.491489e-01  6.469961e-05  1.650483e+03  1.925911e+03  0.000000e+00  3.067153e-03  2.098580e-02  1.947646e-01  7.636681e-04  2.929974e-03  8.101095e-03  4.624670e-06  5.623952e-06  7.693775e-01  1.000000e+00  
1.000000e+03  2.694960e-02  2.154620e+00  1.472506e-01  6.489774e-05  1.665053e+03  1.935875e+03  0.000000e+00  3.474605e-03  1.803236e-02  1.981606e-01  8.261042e-04  2.765326e-03  8.022054e-03  4.028217e-06  5.133609e-06  7.687098e-01  1.000000e+00  
1.000000e+03  2.787853e-02  2.279903e+00  1.453339e-01  6.506635e-05  1.680821e+03  1.944830e+03  0.000000e+00  3.963737e-03  1.515361e-02  2.015907e-01  8.919786e-04  2.560056e-03  7.855861e-03  3.435226e-06  4.614340e-06  7.679760e-01  1.000000e+00  
1.000000e+03  2.890310e-02  2.421044e+00  1.434053e-01  6.519716e-05  1.697926e+03  1.952460e+03  0.000000e+00  4.554139e-03  1.240295e-02  2.050081e-01  9.597269e-04  2.314200e-03  7.587394e-03  2.856308e-06  4.069609e-06  7.671665e-01  1.000000e+00  
1.000000e+03  3.003263e-02  2.580158e+00  1.414819e-01  6.527965e-05  1.716448e+03  1.958343e+03  0.000000e+00  5.267473e-03  9.854524e-03  2.083332e-01  1.026547e-03  2.032816e-03  7.205386e-03  2.307614e-06  3.509317e-06  7.662742e-01  1.000000e+00  
1.000000e+03  3.126437e-02  2.757773e+00  1.395988e-01  6.530291e-05  1.736264e+03  1.962029e+03  0.000000e+00  6.118415e-03  7.596887e-03  2.114472e-01  1.088112e-03  1.729970e-03  6.713462e-03  1.809955e-06  2.954235e-06  7.653011e-01  1.000000e+00  
1.000000e+03  3.259988e-02  2.955055e+00  1.377775e-01  6.525898e-05  1.757327e+03  1.963179e+03  0.000000e+00  7.122375e-03  5.680617e-03  2.142558e-01  1.140143e-03  1.423295e-03  6.127919e-03  1.377451e-06  2.425519e-06  7.642461e-01  1.000000e+00  
1.000000e+03  3.404385e-02  3.173715e+00  1.360301e-01  6.514207e-05  1.779644e+03  1.961545e+03  0.000000e+00  8.293911e-03  4.122017e-03  2.166894e-01  1.178928e-03  1.131152e-03  5.476272e-03  1.017454e-06  1.942660e-06  7.631054e-01  1.000000e+00  
1.000000e+03  3.559030e-02  3.413880e+00  1.343748e-01  6.495017e-05  1.803071e+03  1.957007e+03  0.000000e+00  9.633587e-03  2.916524e-03  2.186920e-01  1.201794e-03  8.712485e-04  4.798888e-03  7.328023e-07  1.523820e-06  7.618837e-01  1.000000e+00  
1.000000e+03  3.722383e-02  3.674082e+00  1.328272e-01  6.468725e-05  1.827349e+03  1.949676e+03  0.000000e+00  1.112559e-02  2.028179e-03  2.202484e-01  1.208268e-03  6.550996e-04  4.139562e-03  5.186500e-07  1.179066e-06  7.605932e-01  1.000000e+00  
1.000000e+03  3.893457e-02  3.953529e+00  1.313868e-01  6.436057e-05  1.852330e+03  1.939808e+03  0.000000e+00  1.275248e-02  1.396043e-03  2.213943e-01  1.200080e-03  4.845062e-04  3.529664e-03  3.632992e-07  9.062358e-07  7.592417e-01  1.000000e+00  
1.000000e+03  4.070923e-02  4.250667e+00  1.300504e-01  6.397913e-05  1.877837e+03  1.927764e+03  0.000000e+00  1.449048e-02  9.587187e-04  2.221863e-01  1.180201e-03  3.553606e-04  2.988253e-03  2.538794e-07  6.968312e-07  7.578397e-01  1.000000e+00  
1.000000e+03  4.253182e-02  4.563260e+00  1.288125e-01  6.355392e-05  1.903669e+03  1.913978e+03  0.000000e+00  1.631243e-02  6.614647e-04  2.226908e-01  1.152032e-03  2.603833e-04  2.522318e-03  1.782410e-07  5.392520e-07  7.563999e-01  1.000000e+00  
1.000000e+03  4.439078e-02  4.889569e+00  1.276640e-01  6.309476e-05  1.929692e+03  1.898850e+03  0.000000e+00  1.819671e-02  4.607846e-04  2.229716e-01  1.118602e-03  1.915749e-04  2.128859e-03  1.263518e-07  4.215669e-07  7.549313e-01  1.000000e+00  
1.000000e+03  4.627345e-02  5.227474e+00  1.265968e-01  6.261102e-05  1.955763e+03  1.882757e+03  0.000000e+00  2.012269e-02  3.253510e-04  2.230825e-01  1.082346e-03  1.420576e-04  1.800639e-03  9.079025e-08  3.337446e-07  7.534440e-01  1.000000e+00  
1.000000e+03  4.817020e-02  5.575201e+00  1.256026e-01  6.211041e-05  1.981777e+03  1.866011e+03  0.000000e+00  2.207474e-02  2.333446e-04  2.230663e-01  1.044998e-03  1.063811e-04  1.528340e-03  6.626916e-08  2.678242e-07  7.519455e-01  1.000000e+00  
1.000000e+03  5.007490e-02  5.931496e+00  1.246732e-01  6.159873e-05  2.007674e+03  1.848850e+03  0.000000e+00  2.404254e-02  1.701442e-04  2.229555e-01  1.007688e-03  8.051051e-05  1.302559e-03  4.917938e-08  2.178415e-07  7.504408e-01  1.000000e+00  
1.000000e+03  5.198325e-02  6.295369e+00  1.238012e-01  6.108042e-05  2.033420e+03  1.831453e+03  0.000000e+00  2.601890e-02  1.261385e-04  2.227739e-01  9.711159e-04  6.157866e-05  1.114951e-03  3.711016e-08  1.794828e-07  7.489332e-01  1.000000e+00  
1.000000e+03  5.389325e-02  6.666226e+00  1.229797e-01  6.055860e-05  2.059004e+03  1.813948e+03  0.000000e+00  2.799992e-02  9.503352e-05  2.225389e-01  9.356695e-04  4.757440e-05  9.584195e-04  2.845979e-08  1.496537e-07  7.474243e-01  1.000000e+00  
1.000000e+03  5.580450e-02  7.043771e+00  1.222028e-01  6.003537e-05  2.084438e+03  1.796423e+03  0.000000e+00  2.998396e-02  7.270272e-05  2.222630e-01  9.015380e-04  3.709722e-05  8.271423e-04  2.216415e-08  1.261450e-07  7.459144e-01  1.000000e+00  
1.000000e+03  5.771850e-02  7.428097e+00  1.214648e-01  5.951186e-05  2.109752e+03  1.778926e+03  0.000000e+00  3.197175e-02  5.641688e-05  2.219550e-01  8.687731e-04  2.916774e-05  7.163877e-04  1.751055e-08  1.073679e-07  7.444024e-01  1.000000e+00  
1.000000e+03  5.963875e-02  7.819733e+00  1.207604e-01  5.898836e-05  2.135005e+03  1.761475e+03  0.000000e+00  3.396638e-02  4.435284e-05  2.216210e-01  8.373359e-04  2.309709e-05  6.223349e-04  1.401720e-08  9.217071e-08  7.428854e-01  1.000000e+00  
1.000000e+03  6.156850e-02  8.219204e+00  1.200853e-01  5.846597e-05  2.160247e+03  1.744080e+03  0.000000e+00  3.597087e-02  3.528970e-05  2.212653e-01  8.071647e-04  1.840238e-05  5.420012e-04  1.135812e-08  7.972556e-08  7.413609e-01  1.000000e+00  
1.000000e+03  6.351300e-02  8.627498e+00  1.194352e-01  5.794336e-05  2.185552e+03  1.726723e+03  0.000000e+00  3.799040e-02  2.838419e-05  2.208906e-01  7.781529e-04  1.473513e-05  4.729560e-04  9.305515e-09  6.941365e-08  7.398247e-01  1.000000e+00  
1.000000e+03  6.547950e-02  9.046096e+00  1.188059e-01  5.742130e-05  2.211018e+03  1.709370e+03  0.000000e+00  4.003234e-02  2.305199e-05  2.204981e-01  7.501692e-04  1.184314e-05  4.132326e-04  7.699961e-09  6.077245e-08  7.382712e-01  1.000000e+00  
1.000000e+03  6.747375e-02  9.476230e+00  1.181943e-01  5.689886e-05  2.236724e+03  1.691992e+03  0.000000e+00  4.210252e-02  1.888798e-05  2.200888e-01  7.231124e-04  9.545581e-06  3.613228e-04  6.429972e-09  5.346336e-08  7.366957e-01  1.000000e+00  
1.000000e+03  6.950500e-02  9.919959e+00  1.175967e-01  5.637097e-05  2.262790e+03  1.674535e+03  0.000000e+00  4.421045e-02  1.559740e-05  2.196624e-01  6.968440e-04  7.705870e-06  3.159447e-04  5.413485e-09  4.721874e-08  7.350910e-01  1.000000e+00  
1.000000e+03  7.158925e-02  1.038094e+01  1.170081e-01  5.583423e-05  2.289419e+03  1.656887e+03  0.000000e+00  4.637263e-02  1.296267e-05  2.192165e-01  6.711628e-04  6.219278e-06  2.759706e-04  4.589183e-09  4.182098e-08  7.334445e-01  1.000000e+00  
1.000000e+03  7.374500e-02  1.086354e+01  1.164235e-01  5.528473e-05  2.316844e+03  1.638922e+03  0.000000e+00  4.860819e-02  1.082849e-05  2.187481e-01  6.458735e-04  5.008886e-06  2.405113e-04  3.912964e-09  3.710523e-08  7.317414e-01  1.000000e+00  
1.000000e+03  7.599025e-02  1.137222e+01  1.158391e-01  5.471889e-05  2.345289e+03  1.620529e+03  0.000000e+00  5.093568e-02  9.084347e-06  2.182538e-01  6.208223e-04  4.018814e-06  2.089099e-04  3.353295e-09  3.295086e-08  7.299677e-01  1.000000e+00  
1.000000e+03  7.834550e-02  1.191215e+01  1.152509e-01  5.413277e-05  2.375003e+03  1.601586e+03  0.000000e+00  5.337624e-02  7.647935e-06  2.177293e-01  5.958613e-04  3.206526e-06  1.806432e-04  2.886531e-09  2.926375e-08  7.281071e-01  1.000000e+00  
1.000000e+03  8.083450e-02  1.248949e+01  1.146550e-01  5.352192e-05  2.406274e+03  1.581957e+03  0.000000e+00  5.595438e-02  6.457370e-06  2.171697e-01  5.708477e-04  2.539297e-06  1.552948e-04  2.494805e-09  2.597025e-08  7.261407e-01  1.000000e+00  
1.000000e+03  8.348350e-02  1.311120e+01  1.140478e-01  5.288173e-05  2.439418e+03  1.561505e+03  0.000000e+00  5.869711e-02  5.465908e-06  2.165692e-01  5.456563e-04  1.991882e-06  1.325451e-04  2.164593e-09  2.301372e-08  7.240480e-01  1.000000e+00  
1.000000e+03  8.632400e-02  1.378573e+01  1.134254e-01  5.220821e-05  2.474811e+03  1.540070e+03  0.000000e+00  6.163690e-02  4.637044e-06  2.159206e-01  5.201587e-04  1.544125e-06  1.121343e-04  1.885295e-09  2.034841e-08  7.218040e-01  1.000000e+00  
1.000000e+03  8.939975e-02  1.452482e+01  1.127826e-01  5.149225e-05  2.512974e+03  1.517429e+03  0.000000e+00  6.481879e-02  3.940834e-06  2.152139e-01  4.941773e-04  1.179179e-06  9.382253e-05  1.648144e-09  1.793320e-08  7.193742e-01  1.000000e+00  
1.000000e+03  9.277300e-02  1.534515e+01  1.121120e-01  5.072344e-05  2.554650e+03  1.493263e+03  0.000000e+00  6.830691e-02  3.352844e-06  2.144346e-01  4.674666e-04  8.830663e-07  7.739078e-05  1.445966e-09  1.573120e-08  7.167093e-01  1.000000e+00  
1.000000e+03  9.650725e-02  1.626436e+01  1.114082e-01  4.989171e-05  2.600587e+03  1.467301e+03  0.000000e+00  7.216658e-02  2.856634e-06  2.135680e-01  4.398878e-04  6.458063e-07  6.274200e-05  1.274170e-09  1.372348e-08  7.137593e-01  1.000000e+00  
1.000000e+03  1.006057e-01  1.728560e+01  1.106780e-01  4.900238e-05  2.650788e+03  1.439737e+03  0.000000e+00  7.640076e-02  2.445819e-06  2.126130e-01  4.118184e-04  4.617661e-07  5.001732e-05  1.131609e-09  1.192781e-08  7.105215e-01  1.000000e+00  
1.000000e+03  1.049423e-01  1.837902e+01  1.099487e-01  4.809587e-05  2.703684e+03  1.411601e+03  0.000000e+00  8.087874e-02  2.119130e-06  2.115993e-01  3.843998e-04  3.265230e-07  3.950170e-05  1.018807e-09  1.039060e-08  7.070956e-01  1.000000e+00  
1.000000e+03  1.093070e-01  1.949166e+01  1.092556e-01  4.721136e-05  2.756722e+03  1.384306e+03  0.000000e+00  8.538391e-02  1.869236e-06  2.105763e-01  3.589338e-04  2.321689e-07  3.125889e-05  9.337567e-10  9.135751e-09  7.036475e-01  1.000000e+00  
1.000000e+03  1.135740e-01  2.058992e+01  1.086151e-01  4.637040e-05  2.808392e+03  1.358560e+03  0.000000e+00  8.978645e-02  1.679287e-06  2.095743e-01  3.358845e-04  1.674332e-07  2.493954e-05  8.706891e-10  8.129776e-09  7.002765e-01  1.000000e+00  
1.000000e+03  1.177600e-01  2.167636e+01  1.080200e-01  4.556869e-05  2.858927e+03  1.334159e+03  0.000000e+00  9.410390e-02  1.531137e-06  2.085899e-01  3.148736e-04  1.221765e-07  2.003294e-05  8.232778e-10  7.311365e-09  6.969696e-01  1.000000e+00  
1.000000e+03  1.219197e-01  2.276386e+01  1.074586e-01  4.479297e-05  2.909009e+03  1.310715e+03  0.000000e+00  9.839290e-02  1.412151e-06  2.076106e-01  2.954306e-04  8.978428e-08  1.614962e-05  7.871407e-10  6.632039e-09  6.936834e-01  1.000000e+00  
1.000000e+03  1.260783e-01  2.385793e+01  1.069250e-01  4.403754e-05  2.958957e+03  1.288045e+03  0.000000e+00  1.026794e-01  1.314741e-06  2.066307e-01  2.773063e-04  6.629719e-08  1.304622e-05  7.596183e-10  6.061908e-09  6.903982e-01  1.000000e+00  
1.000000e+03  1.302470e-01  2.496071e+01  1.064157e-01  4.329996e-05  3.008923e+03  1.266055e+03  0.000000e+00  1.069752e-01  1.233828e-06  2.056477e-01  2.603469e-04  4.913043e-08  1.055298e-05  7.389003e-10  5.579994e-09  6.871049e-01  1.000000e+00  
1.000000e+03  1.344395e-01  2.607497e+01  1.059277e-01  4.257776e-05  3.059081e+03  1.244649e+03  0.000000e+00  1.112944e-01  1.165690e-06  2.046586e-01  2.444144e-04  3.649476e-08  8.540276e-06  7.236568e-10  5.169774e-09  6.837928e-01  1.000000e+00  
1.000000e+03  1.386675e-01  2.720307e+01  1.054584e-01  4.186895e-05  3.109581e+03  1.223752e+03  0.000000e+00  1.156492e-01  1.107609e-06  2.036607e-01  2.293991e-04  2.714550e-08  6.909837e-06  7.129157e-10  4.818461e-09  6.804527e-01  1.000000e+00  
1.000000e+03  1.429375e-01  2.834601e+01  1.050061e-01  4.117255e-05  3.160510e+03  1.203318e+03  0.000000e+00  1.200463e-01  1.057598e-06  2.026525e-01  2.152246e-04  2.020699e-08  5.587023e-06  7.059570e-10  4.516224e-09  6.770794e-01  1.000000e+00  
1.000000e+03  1.472513e-01  2.950352e+01  1.045699e-01  4.048839e-05  3.211898e+03  1.183330e+03  0.000000e+00  1.244875e-01  1.014172e-06  2.016336e-01  2.018384e-04  1.505054e-08  4.513734e-06  7.022291e-10  4.255309e-09  6.736715e-01  1.000000e+00  
1.000000e+03  1.516055e-01  3.067397e+01  1.041491e-01  3.981786e-05  3.263714e+03  1.163792e+03  0.000000e+00  1.289695e-01  9.761957e-07  2.006050e-01  1.892069e-04  1.121815e-08  3.643938e-06  7.012943e-10  4.029504e-09  6.702317e-01  1.000000e+00  
1.000000e+03  1.559922e-01  3.185445e+01  1.037439e-01  3.916246e-05  3.315874e+03  1.144728e+03  0.000000e+00  1.334842e-01  9.427922e-07  1.995685e-01  1.773092e-04  8.371896e-09  2.940513e-06  7.027912e-10  3.833732e-09  6.667661e-01  1.000000e+00  
1.000000e+03  1.604000e-01  3.304105e+01  1.033544e-01  3.852409e-05  3.368246e+03  1.126172e+03  0.000000e+00  1.380197e-01  9.132625e-07  1.985269e-01  1.661305e-04  6.260055e-09  2.373030e-06  7.064091e-10  3.663744e-09  6.632840e-01  1.000000e+00  
1.000000e+03  1.648168e-01  3.422977e+01  1.029806e-01  3.790165e-05  3.420698e+03  1.108153e+03  0.000000e+00  1.425637e-01  8.870294e-07  1.974830e-01  1.556527e-04  4.693655e-09  1.916150e-06  7.118764e-10  3.515864e-09  6.597948e-01  1.000000e+00  
1.000000e+03  1.692345e-01  3.541768e+01  1.026224e-01  3.729555e-05  3.473142e+03  1.090681e+03  0.000000e+00  1.471082e-01  8.635937e-07  1.964388e-01  1.458454e-04  3.530475e-09  1.548581e-06  7.189610e-10  3.386812e-09  6.563047e-01  1.000000e+00  
1.000000e+03  1.736480e-01  3.660264e+01  1.022792e-01  3.670609e-05  3.525522e+03  1.073752e+03  0.000000e+00  1.516476e-01  8.425340e-07  1.953956e-01  1.366724e-04  2.664957e-09  1.252835e-06  7.274690e-10  3.273755e-09  6.528181e-01  1.000000e+00  
1.000000e+03  1.780525e-01  3.778266e+01  1.019503e-01  3.613342e-05  3.577788e+03  1.057360e+03  0.000000e+00  1.561772e-01  8.235034e-07  1.943544e-01  1.280978e-04  2.019379e-09  1.014793e-06  7.372363e-10  3.174310e-09  6.493385e-01  1.000000e+00  
1.000000e+03  1.824440e-01  3.895601e+01  1.016352e-01  3.557752e-05  3.629899e+03  1.041495e+03  0.000000e+00  1.606929e-01  8.062144e-07  1.933162e-01  1.200862e-04  1.536525e-09  8.230727e-07  7.481242e-10  3.086468e-09  6.458692e-01  1.000000e+00  
1.000000e+03  1.868190e-01  4.012113e+01  1.013333e-01  3.503880e-05  3.681819e+03  1.026145e+03  0.000000e+00  1.651911e-01  7.904283e-07  1.922818e-01  1.126027e-04  1.174276e-09  6.685315e-07  7.600142e-10  3.008540e-09  6.424130e-01  1.000000e+00  
1.000000e+03  1.911733e-01  4.127633e+01  1.010440e-01  3.451764e-05  3.733501e+03  1.011301e+03  0.000000e+00  1.696675e-01  7.759502e-07  1.912524e-01  1.056160e-04  9.016866e-10  5.438667e-07  7.728000e-10  2.939122e-09  6.389731e-01  1.000000e+00  
1.000000e+03  1.955015e-01  4.241967e+01  1.007667e-01  3.401249e-05  3.785956e+03  9.969581e+02  0.000000e+00  1.741168e-01  7.626202e-07  1.902291e-01  9.909767e-05  6.959381e-10  4.432432e-07  7.863799e-10  2.877045e-09  6.355538e-01  1.000000e+00  
1.000000e+03  1.997983e-01  4.354926e+01  1.005001e-01  3.352364e-05  3.841415e+03  9.831191e+02  0.000000e+00  1.785333e-01  7.503048e-07  1.892132e-01  9.302077e-05  5.401383e-10  3.619829e-07  8.006563e-10  2.821323e-09  6.321594e-01  1.000000e+00  
1.000000e+03  2.040582e-01  4.466329e+01  1.002434e-01  3.305152e-05  3.895680e+03  9.697801e+02  0.000000e+00  1.829117e-01  7.388904e-07  1.882059e-01  8.735911e-05  4.217290e-10  2.963008e-07  8.155434e-10  2.771113e-09  6.287940e-01  1.000000e+00  
1.000000e+03  2.082815e-01  4.576143e+01  9.999621e-02  3.259537e-05  3.948877e+03  9.569143e+02  0.000000e+00  1.872519e-01  7.282677e-07  1.872074e-01  8.208115e-05  3.312676e-10  2.430798e-07  8.309877e-10  2.725643e-09  6.254576e-01  1.000000e+00  
1.000000e+03  2.124745e-01  4.684502e+01  9.975781e-02  3.215397e-05  4.001199e+03  9.444779e+02  0.000000e+00  1.915608e-01  7.183295e-07  1.862160e-01  7.715073e-05  2.617040e-10  1.997928e-07  8.469701e-10  2.684205e-09  6.221451e-01  1.000000e+00  
1.000000e+03  2.166465e-01  4.791614e+01  9.952733e-02  3.172584e-05  4.052853e+03  9.324237e+02  0.000000e+00  1.958478e-01  7.089802e-07  1.852295e-01  7.253296e-05  2.078458e-10  1.644439e-07  8.634928e-10  2.646189e-09  6.188493e-01  1.000000e+00  
1.000000e+03  2.208065e-01  4.897673e+01  9.930396e-02  3.130880e-05  4.104029e+03  9.207089e+02  0.000000e+00  2.001222e-01  7.001393e-07  1.842459e-01  6.819753e-05  1.658847e-10  1.354766e-07  8.805663e-10  2.611086e-09  6.155629e-01  1.000000e+00  
1.000000e+03  2.249603e-01  5.002789e+01  9.908711e-02  3.090268e-05  4.154868e+03  9.093037e+02  0.000000e+00  2.043899e-01  6.917451e-07  1.832637e-01  6.412098e-05  1.330240e-10  1.116840e-07  8.981957e-10  2.578499e-09  6.122814e-01  1.000000e+00  
1.000000e+03  2.291115e-01  5.107019e+01  9.887635e-02  3.050635e-05  4.205474e+03  8.981859e+02  0.000000e+00  2.086549e-01  6.837477e-07  1.822822e-01  6.028412e-05  1.071717e-10  9.211064e-08  9.163822e-10  2.548100e-09  6.090019e-01  1.000000e+00  
1.000000e+03  2.332628e-01  5.210387e+01  9.867129e-02  3.011874e-05  4.255930e+03  8.873381e+02  0.000000e+00  2.129196e-01  6.761061e-07  1.813006e-01  5.667065e-05  8.674747e-11  7.599089e-08  9.351254e-10  2.519617e-09  6.057224e-01  1.000000e+00  
1.000000e+03  2.374160e-01  5.312904e+01  9.847161e-02  2.973952e-05  4.306307e+03  8.767457e+02  0.000000e+00  2.171861e-01  6.687851e-07  1.803185e-01  5.326604e-05  7.054432e-11  6.270424e-08  9.544252e-10  2.492817e-09  6.024414e-01  1.000000e+00  
1.000000e+03  2.415748e-01  5.414615e+01  9.827692e-02  2.936853e-05  4.356689e+03  8.663912e+02  0.000000e+00  2.214581e-01  6.617509e-07  1.793352e-01  5.005576e-05  5.763175e-11  5.174149e-08  9.742909e-10  2.467489e-09  5.991559e-01  1.000000e+00  
1.000000e+03  2.457462e-01  5.515656e+01  9.808671e-02  2.900445e-05  4.407201e+03  8.562493e+02  0.000000e+00  2.257430e-01  6.549678e-07  1.783488e-01  4.702394e-05  4.728632e-11  4.268104e-08  9.947533e-10  2.443425e-09  5.958605e-01  1.000000e+00  
1.000000e+03  2.499440e-01  5.616303e+01  9.790020e-02  2.864603e-05  4.458038e+03  8.462821e+02  0.000000e+00  2.300547e-01  6.483945e-07  1.773562e-01  4.415236e-05  3.894404e-11  3.517306e-08  1.015879e-09  2.420413e-09  5.925442e-01  1.000000e+00  
1.000000e+03  2.541897e-01  5.717014e+01  9.771635e-02  2.829143e-05  4.509495e+03  8.364362e+02  0.000000e+00  2.344155e-01  6.419821e-07  1.763523e-01  4.142022e-05  3.216505e-11  2.892838e-08  1.037785e-09  2.398229e-09  5.891901e-01  1.000000e+00  
1.000000e+03  2.585110e-01  5.818357e+01  9.753393e-02  2.793851e-05  4.561934e+03  8.266499e+02  0.000000e+00  2.388537e-01  6.356796e-07  1.753305e-01  3.880699e-05  2.661329e-11  2.371526e-08  1.060630e-09  2.376648e-09  5.857763e-01  1.000000e+00  
1.000000e+03  2.629315e-01  5.920781e+01  9.735198e-02  2.758562e-05  4.615672e+03  8.168757e+02  0.000000e+00  2.433937e-01  6.294469e-07  1.742853e-01  3.629828e-05  2.204093e-11  1.935765e-08  1.084567e-09  2.355495e-09  5.822841e-01  1.000000e+00  
1.000000e+03  2.674608e-01  6.024377e+01  9.717016e-02  2.723237e-05  4.670856e+03  8.071016e+02  0.000000e+00  2.480451e-01  6.232679e-07  1.732143e-01  3.389015e-05  1.826897e-11  1.572607e-08  1.109680e-09  2.334679e-09  5.787060e-01  1.000000e+00  
1.000000e+03  2.720927e-01  6.128870e+01  9.698875e-02  2.688019e-05  4.727442e+03  7.973492e+02  0.000000e+00  2.528020e-01  6.171473e-07  1.721190e-01  3.158686e-05  1.516147e-11  1.271922e-08  1.135969e-09  2.314184e-09  5.750467e-01  1.000000e+00  
1.000000e+03  2.768190e-01  6.233935e+01  9.680813e-02  2.653003e-05  4.785354e+03  7.876432e+02  0.000000e+00  2.576555e-01  6.110919e-07  1.710015e-01  2.939231e-05  1.260361e-11  1.024588e-08  1.163415e-09  2.293999e-09  5.713130e-01  1.000000e+00  
1.000000e+03  2.816405e-01  6.339454e+01  9.662829e-02  2.618138e-05  4.844633e+03  7.779876e+02  0.000000e+00  2.626067e-01  6.050952e-07  1.698614e-01  2.730492e-05  1.049440e-11  8.219994e-09  1.192050e-09  2.274072e-09  5.675040e-01  1.000000e+00  
1.000000e+03  2.865630e-01  6.445407e+01  9.644899e-02  2.583446e-05  4.905375e+03  7.683772e+02  0.000000e+00  2.676614e-01  5.991454e-07  1.686975e-01  2.532116e-05  8.750433e-12  6.566419e-09  1.221931e-09  2.254334e-09  5.636152e-01  1.000000e+00  
1.000000e+03  2.915865e-01  6.551636e+01  9.627024e-02  2.548887e-05  4.967605e+03  7.588186e+02  0.000000e+00  2.728197e-01  5.932377e-07  1.675096e-01  2.343990e-05  7.306159e-12  5.223240e-09  1.253081e-09  2.234746e-09  5.596467e-01  1.000000e+00  
1.000000e+03  2.967065e-01  6.657886e+01  9.609216e-02  2.514543e-05  5.031291e+03  7.493260e+02  0.000000e+00  2.780769e-01  5.873726e-07  1.662990e-01  2.166113e-05  6.108838e-12  4.138235e-09  1.285486e-09  2.215284e-09  5.556019e-01  1.000000e+00  
1.000000e+03  3.019203e-01  6.763939e+01  9.591481e-02  2.480424e-05  5.096420e+03  7.399094e+02  0.000000e+00  2.834303e-01  5.815479e-07  1.650661e-01  1.998349e-05  5.114562e-12  3.266110e-09  1.319136e-09  2.195920e-09  5.514830e-01  1.000000e+00  
1.000000e+03  3.072275e-01  6.869624e+01  9.573815e-02  2.446557e-05  5.163008e+03  7.305736e+02  0.000000e+00  2.888795e-01  5.757585e-07  1.638112e-01  1.840440e-05  4.287083e-12  2.568160e-09  1.354026e-09  2.176619e-09  5.472903e-01  1.000000e+00  
1.000000e+03  3.126255e-01  6.974717e+01  9.556220e-02  2.412979e-05  5.231038e+03  7.213273e+02  0.000000e+00  2.944218e-01  5.700018e-07  1.625348e-01  1.692177e-05  3.597280e-12  2.012258e-09  1.390122e-09  2.157356e-09  5.430259e-01  1.000000e+00  
1.000000e+03  3.181110e-01  7.078984e+01  9.538699e-02  2.379730e-05  5.300483e+03  7.121791e+02  0.000000e+00  3.000539e-01  5.642758e-07  1.612377e-01  1.553314e-05  3.021314e-12  1.571530e-09  1.427376e-09  2.138110e-09  5.386923e-01  1.000000e+00  
1.000000e+03  3.236847e-01  7.182267e+01  9.521241e-02  2.346821e-05  5.371364e+03  7.031305e+02  0.000000e+00  3.057764e-01  5.585740e-07  1.599198e-01  1.423480e-05  2.539350e-12  1.223431e-09  1.465744e-09  2.118849e-09  5.342890e-01  1.000000e+00  
1.000000e+03  3.293485e-01  7.284418e+01  9.503834e-02  2.314258e-05  5.443715e+03  6.941813e+02  0.000000e+00  3.115912e-01  5.528893e-07  1.585805e-01  1.302282e-05  2.135234e-12  9.494903e-10  1.505178e-09  2.099539e-09  5.298147e-01  1.000000e+00  
1.000000e+03  3.351002e-01  7.385215e+01  9.486472e-02  2.282078e-05  5.517517e+03  6.853370e+02  0.000000e+00  3.174963e-01  5.472186e-07  1.572205e-01  1.189406e-05  1.796044e-12  7.348254e-10  1.545578e-09  2.080163e-09  5.252708e-01  1.000000e+00  
1.000000e+03  3.409365e-01  7.484414e+01  9.469159e-02  2.250461e-05  5.592733e+03  6.766047e+02  0.000000e+00  3.234880e-01  5.415601e-07  1.558405e-01  1.084540e-05  1.511160e-12  5.673255e-10  1.586815e-09  2.060708e-09  5.206602e-01  1.000000e+00  
1.000000e+03  3.468595e-01  7.581863e+01  9.451879e-02  2.219228e-05  5.669395e+03  6.679824e+02  0.000000e+00  3.295687e-01  5.359065e-07  1.544399e-01  9.872571e-06  1.271549e-12  4.370362e-10  1.628773e-09  2.041146e-09  5.159810e-01  1.000000e+00  
1.000000e+03  3.528790e-01  7.677521e+01  9.434596e-02  2.188305e-05  5.747632e+03  6.594577e+02  0.000000e+00  3.357483e-01  5.302439e-07  1.530166e-01  8.970397e-06  1.069582e-12  3.359005e-10  1.671368e-09  2.021427e-09  5.112256e-01  1.000000e+00  
1.000000e+03  3.590050e-01  7.771322e+01  9.417273e-02  2.157658e-05  5.827578e+03  6.510194e+02  0.000000e+00  3.420373e-01  5.245589e-07  1.515680e-01  8.134234e-06  8.990938e-13  2.575880e-10  1.714489e-09  2.001502e-09  5.063860e-01  1.000000e+00  
1.000000e+03  3.652420e-01  7.863093e+01  9.399891e-02  2.127283e-05  5.909292e+03  6.426647e+02  0.000000e+00  3.484400e-01  5.188437e-07  1.500933e-01  7.360540e-06  7.551655e-13  1.971639e-10  1.757958e-09  1.981341e-09  5.014588e-01  1.000000e+00  
1.000000e+03  3.715953e-01  7.952653e+01  9.382431e-02  2.097175e-05  5.992845e+03  6.343901e+02  0.000000e+00  3.549621e-01  5.130899e-07  1.485910e-01  6.645811e-06  6.336685e-13  1.507008e-10  1.801573e-09  1.960917e-09  4.964398e-01  1.000000e+00  
1.000000e+03  3.780722e-01  8.039830e+01  9.364866e-02  2.067320e-05  6.078335e+03  6.261898e+02  0.000000e+00  3.616111e-01  5.072875e-07  1.470594e-01  5.986518e-06  5.311236e-13  1.150852e-10  1.845120e-09  1.940193e-09  4.913229e-01  1.000000e+00  
1.000000e+03  3.846770e-01  8.124383e+01  9.347180e-02  2.037719e-05  6.165814e+03  6.180630e+02  0.000000e+00  3.683912e-01  5.014300e-07  1.454977e-01  5.379676e-06  4.446654e-13  8.788326e-11  1.888328e-09  1.919146e-09  4.861052e-01  1.000000e+00  
1.000000e+03  3.914148e-01  8.206068e+01  9.329357e-02  2.008369e-05  6.255350e+03  6.100075e+02  0.000000e+00  3.753078e-01  4.955097e-07  1.439045e-01  4.822252e-06  3.718444e-13  6.717213e-11  1.930914e-09  1.897752e-09  4.807823e-01  1.000000e+00  
1.000000e+03  3.982930e-01  8.284642e+01  9.311372e-02  1.979302e-05  6.347038e+03  6.020191e+02  0.000000e+00  3.823686e-01  4.895175e-07  1.422781e-01  4.311197e-06  3.105719e-13  5.144322e-11  1.972578e-09  1.875977e-09  4.753485e-01  1.000000e+00  
1.000000e+03  4.053188e-01  8.359828e+01  9.293205e-02  1.950471e-05  6.440968e+03  5.940946e+02  0.000000e+00  3.895807e-01  4.834447e-07  1.406168e-01  3.843655e-06  2.590842e-13  3.952401e-11  2.013002e-09  1.853794e-09  4.697982e-01  1.000000e+00  
1.000000e+03  4.125012e-01  8.431340e+01  9.274829e-02  1.921847e-05  6.537257e+03  5.862288e+02  0.000000e+00  3.969536e-01  4.772811e-07  1.389185e-01  3.416784e-06  2.158721e-13  3.050319e-11  2.051856e-09  1.831167e-09  4.641240e-01  1.000000e+00  
1.000000e+03  4.198500e-01  8.498857e+01  9.256219e-02  1.893510e-05  6.636026e+03  5.784171e+02  0.000000e+00  4.044972e-01  4.710162e-07  1.371808e-01  3.027917e-06  1.796592e-13  2.367925e-11  2.088797e-09  1.808060e-09  4.583185e-01  1.000000e+00  
1.000000e+03  4.273745e-01  8.562018e+01  9.237351e-02  1.865357e-05  6.737396e+03  5.706558e+02  0.000000e+00  4.122211e-01  4.646401e-07  1.354016e-01  2.674538e-06  1.493618e-13  1.851403e-11  2.123470e-09  1.784438e-09  4.523741e-01  1.000000e+00  
1.000000e+03  4.350880e-01  8.620446e+01  9.218191e-02  1.837369e-05  6.841536e+03  5.629379e+02  0.000000e+00  4.201391e-01  4.581396e-07  1.335776e-01  2.354121e-06  1.240481e-13  1.459481e-11  2.155530e-09  1.760257e-09  4.462805e-01  1.000000e+00  
1.000000e+03  4.430062e-01  8.673723e+01  9.198703e-02  1.809482e-05  6.948649e+03  5.552553e+02  0.000000e+00  4.282671e-01  4.514997e-07  1.317053e-01  2.064254e-06  1.029267e-13  1.160844e-11  2.184630e-09  1.735462e-09  4.400251e-01  1.000000e+00  
1.000000e+03  4.511430e-01  8.721352e+01  9.178853e-02  1.781685e-05  7.058910e+03  5.476030e+02  0.000000e+00  4.366194e-01  4.447074e-07  1.297813e-01  1.802786e-06  8.533593e-14  9.319762e-12  2.210411e-09  1.710008e-09  4.335970e-01  1.000000e+00  
1.000000e+03  4.595095e-01  8.762761e+01  9.158618e-02  1.753980e-05  7.172458e+03  5.399794e+02  0.000000e+00  4.452075e-01  4.377519e-07  1.278030e-01  1.567768e-06  7.071835e-14  7.552478e-12  2.232512e-09  1.683857e-09  4.269875e-01  1.000000e+00  
1.000000e+03  4.681137e-01  8.797308e+01  9.137982e-02  1.726379e-05  7.289387e+03  5.323862e+02  0.000000e+00  4.540396e-01  4.306252e-07  1.257685e-01  1.357401e-06  5.860257e-14  6.174947e-12  2.250582e-09  1.656981e-09  4.201901e-01  1.000000e+00  
1.000000e+03  4.769663e-01  8.824311e+01  9.116925e-02  1.698979e-05  7.409823e+03  5.248233e+02  0.000000e+00  4.631265e-01  4.233170e-07  1.236752e-01  1.169856e-06  4.858062e-14  5.088522e-12  2.264304e-09  1.629345e-09  4.131967e-01  1.000000e+00  
1.000000e+03  4.860620e-01  8.843004e+01  9.095458e-02  1.671727e-05  7.533678e+03  5.173040e+02  0.000000e+00  4.724631e-01  4.158303e-07  1.215245e-01  1.003664e-06  4.032082e-14  4.221797e-12  2.273377e-09  1.600963e-09  4.060110e-01  1.000000e+00  
1.000000e+03  4.953338e-01  8.852598e+01  9.073734e-02  1.644899e-05  7.660013e+03  5.098894e+02  0.000000e+00  4.819803e-01  4.082189e-07  1.193321e-01  8.581861e-07  3.357486e-14  3.525586e-12  2.277551e-09  1.572042e-09  3.986863e-01  1.000000e+00  
1.000000e+03  5.020515e-01  8.853575e+01  9.057652e-02  1.626059e-05  7.751583e+03  5.046927e+02  0.000000e+00  4.888759e-01  4.027168e-07  1.177436e-01  7.678965e-07  2.965112e-14  3.120007e-12  2.277019e-09  1.551094e-09  3.933793e-01  1.000000e+00  
1.000000e+03  5.083795e-01  8.849903e+01  9.043320e-02  1.608614e-05  7.837859e+03  4.998674e+02  0.000000e+00  4.953714e-01  3.975386e-07  1.162473e-01  6.884819e-07  2.629234e-14  2.774424e-12  2.275097e-09  1.531364e-09  3.883802e-01  1.000000e+00  
1.000000e+03  5.170220e-01  8.837695e+01  9.023428e-02  1.585437e-05  7.955701e+03  4.934696e+02  0.000000e+00  5.042426e-01  3.904787e-07  1.142037e-01  5.944466e-07  2.251896e-14  2.380695e-12  2.268597e-09  1.504423e-09  3.815526e-01  1.000000e+00  
1.000000e+03  5.258630e-01  8.816624e+01  9.003219e-02  1.562426e-05  8.076245e+03  4.871174e+02  0.000000e+00  5.133176e-01  3.832677e-07  1.121132e-01  5.113294e-07  1.934229e-14  2.042531e-12  2.258141e-09  1.476868e-09  3.745682e-01  1.000000e+00  
1.000000e+03  5.349215e-01  8.786054e+01  8.982651e-02  1.539624e-05  8.199729e+03  4.808023e+02  0.000000e+00  5.226159e-01  3.758893e-07  1.099713e-01  4.380437e-07  1.666350e-14  1.750126e-12  2.243698e-09  1.448639e-09  3.674120e-01  1.000000e+00  
1.000000e+03  5.441855e-01  8.745421e+01  8.961755e-02  1.516988e-05  8.325968e+03  4.745374e+02  0.000000e+00  5.321251e-01  3.683527e-07  1.077807e-01  3.738084e-07  1.440743e-14  1.496806e-12  2.225310e-09  1.419772e-09  3.600935e-01  1.000000e+00  
1.000000e+03  5.536380e-01  8.694242e+01  8.940576e-02  1.494578e-05  8.454708e+03  4.683377e+02  0.000000e+00  5.418277e-01  3.606709e-07  1.055456e-01  3.178414e-07  1.250871e-14  1.277270e-12  2.203083e-09  1.390321e-09  3.526260e-01  1.000000e+00  
1.000000e+03  5.632810e-01  8.631976e+01  8.919118e-02  1.472407e-05  8.585953e+03  4.622045e+02  0.000000e+00  5.517259e-01  3.528416e-07  1.032655e-01  2.692584e-07  1.090743e-14  1.086792e-12  2.177120e-09  1.360279e-09  3.450080e-01  1.000000e+00  
1.000000e+03  5.731260e-01  8.558005e+01  8.897360e-02  1.450447e-05  8.719834e+03  4.561331e+02  0.000000e+00  5.618314e-01  3.448549e-07  1.009375e-01  2.272112e-07  9.552629e-15  9.214262e-13  2.147508e-09  1.329608e-09  3.372305e-01  1.000000e+00  
1.000000e+03  5.831730e-01  8.471778e+01  8.875308e-02  1.428801e-05  8.856328e+03  4.501265e+02  0.000000e+00  5.721443e-01  3.367101e-07  9.856185e-02  1.909781e-07  8.403659e-15  7.781262e-13  2.114377e-09  1.298310e-09  3.292933e-01  1.000000e+00  
1.000000e+03  5.934130e-01  8.372850e+01  8.852989e-02  1.407430e-05  8.995288e+03  4.441924e+02  0.000000e+00  5.826553e-01  3.284140e-07  9.614052e-02  1.599132e-07  7.427170e-15  6.543783e-13  2.077905e-09  1.266412e-09  3.212037e-01  1.000000e+00  
1.000000e+03  6.038405e-01  8.260793e+01  8.830422e-02  1.386351e-05  9.136613e+03  4.383353e+02  0.000000e+00  5.933587e-01  3.199705e-07  9.367486e-02  1.333995e-07  6.594641e-15  5.479049e-13  2.038274e-09  1.233931e-09  3.129660e-01  1.000000e+00  
1.000000e+03  6.144550e-01  8.135166e+01  8.807614e-02  1.365573e-05  9.280271e+03  4.325569e+02  0.000000e+00  6.042540e-01  3.113796e-07  9.116499e-02  1.108607e-07  5.881914e-15  4.566353e-13  1.995653e-09  1.200868e-09  3.045806e-01  1.000000e+00  
1.000000e+03  6.252510e-01  7.995624e+01  8.784585e-02  1.345111e-05  9.426164e+03  4.268609e+02  0.000000e+00  6.153357e-01  3.026453e-07  8.861219e-02  9.178645e-08  5.269248e-15  3.787612e-13  1.950234e-09  1.167240e-09  2.960517e-01  1.000000e+00  
1.000000e+03  6.362220e-01  7.841893e+01  8.761354e-02  1.324982e-05  9.574179e+03  4.212511e+02  0.000000e+00  6.265970e-01  2.937723e-07  8.601802e-02  7.571451e-08  4.740169e-15  3.126415e-13  1.902215e-09  1.133068e-09  2.873846e-01  1.000000e+00  
1.000000e+03  6.473695e-01  7.673640e+01  8.737927e-02  1.305185e-05  9.724312e+03  4.157267e+02  0.000000e+00  6.380394e-01  2.847593e-07  8.338211e-02  6.222099e-08  4.280649e-15  2.567492e-13  1.851754e-09  1.098346e-09  2.785781e-01  1.000000e+00  
1.000000e+03  6.586970e-01  7.490538e+01  8.714303e-02  1.285714e-05  9.876586e+03  4.102862e+02  0.000000e+00  6.496667e-01  2.756029e-07  8.070364e-02  5.093225e-08  3.879072e-15  2.097178e-13  1.798992e-09  1.063064e-09  2.696294e-01  1.000000e+00  
1.000000e+03  6.702005e-01  7.292429e+01  8.690497e-02  1.266579e-05  1.003092e+04  4.049312e+02  0.000000e+00  6.614745e-01  2.663062e-07  7.798355e-02  4.152825e-08  3.526092e-15  1.703584e-13  1.744095e-09  1.027233e-09  2.605416e-01  1.000000e+00  
1.000000e+03  6.818730e-01  7.079285e+01  8.666530e-02  1.247800e-05  1.018721e+04  3.996647e+02  0.000000e+00  6.734559e-01  2.568746e-07  7.522350e-02  3.372853e-08  3.213975e-15  1.376079e-13  1.687234e-09  9.908769e-10  2.513203e-01  1.000000e+00  
1.000000e+03  6.937190e-01  6.850946e+01  8.642402e-02  1.229393e-05  1.034548e+04  3.944838e+02  0.000000e+00  6.856153e-01  2.473042e-07  7.242242e-02  2.728108e-08  2.935989e-15  1.104886e-13  1.628516e-09  9.539800e-10  2.419620e-01  1.000000e+00  
1.000000e+03  7.057580e-01  6.607000e+01  8.618082e-02  1.211281e-05  1.050597e+04  3.893798e+02  0.000000e+00  6.979728e-01  2.375790e-07  6.957571e-02  2.196428e-08  2.686292e-15  8.812253e-14  1.567960e-09  9.164821e-10  2.324512e-01  1.000000e+00  
1.000000e+03  7.180100e-01  6.347036e+01  8.593537e-02  1.193454e-05  1.066892e+04  3.843447e+02  0.000000e+00  7.105490e-01  2.276828e-07  6.667864e-02  1.759282e-08  2.460122e-15  6.976356e-14  1.505564e-09  8.783208e-10  2.227721e-01  1.000000e+00  
1.000000e+03  7.304840e-01  6.070925e+01  8.568757e-02  1.175884e-05  1.083443e+04  3.793757e+02  0.000000e+00  7.233531e-01  2.176082e-07  6.372907e-02  1.401387e-08  2.253739e-15  5.478657e-14  1.441371e-09  8.394680e-10  2.129176e-01  1.000000e+00  
1.000000e+03  7.431905e-01  5.778595e+01  8.543733e-02  1.158599e-05  1.100262e+04  3.744696e+02  0.000000e+00  7.363958e-01  2.073466e-07  6.072452e-02  1.109649e-08  2.063982e-15  4.264732e-14  1.375407e-09  7.998911e-10  2.028795e-01  1.000000e+00  
1.000000e+03  7.561445e-01  5.469983e+01  8.518446e-02  1.141528e-05  1.117364e+04  3.696219e+02  0.000000e+00  7.496925e-01  1.968856e-07  5.766145e-02  8.728973e-09  1.888154e-15  3.287495e-14  1.307664e-09  7.595432e-10  1.926458e-01  1.000000e+00  
1.000000e+03  7.693540e-01  5.145332e+01  8.492891e-02  1.124672e-05  1.134759e+04  3.648312e+02  0.000000e+00  7.632515e-01  1.862189e-07  5.453797e-02  6.818123e-09  1.724081e-15  2.507119e-14  1.238163e-09  7.183995e-10  1.822103e-01  1.000000e+00  
1.000000e+03  7.828295e-01  4.805015e+01  8.467060e-02  1.108025e-05  1.152456e+04  3.600953e+02  0.000000e+00  7.770835e-01  1.753378e-07  5.135158e-02  5.284365e-09  1.569892e-15  1.889230e-14  1.166902e-09  6.764273e-10  1.715647e-01  1.000000e+00  
1.000000e+03  7.965860e-01  4.449521e+01  8.440935e-02  1.091580e-05  1.170474e+04  3.554107e+02  0.000000e+00  7.912040e-01  1.642302e-07  4.809876e-02  4.060399e-09  1.423970e-15  1.404478e-14  1.093851e-09  6.335798e-10  1.606971e-01  1.000000e+00  
1.000000e+03  8.106375e-01  4.079650e+01  8.414505e-02  1.075330e-05  1.188826e+04  3.507747e+02  0.000000e+00  8.056273e-01  1.528846e-07  4.477617e-02  3.089915e-09  1.284968e-15  1.028111e-14  1.018976e-09  5.898134e-10  1.495964e-01  1.000000e+00  
1.000000e+03  8.250025e-01  3.696448e+01  8.387748e-02  1.059264e-05  1.207534e+04  3.461837e+02  0.000000e+00  8.203724e-01  1.412862e-07  4.137946e-02  2.325645e-09  1.151724e-15  7.392359e-15  9.422168e-10  5.450705e-10  1.382480e-01  1.000000e+00  
1.000000e+03  8.397000e-01  3.301413e+01  8.360644e-02  1.043381e-05  1.226619e+04  3.416341e+02  0.000000e+00  8.354587e-01  1.294196e-07  3.790413e-02  1.728375e-09  1.023284e-15  5.204466e-15  8.635013e-10  4.992919e-10  1.266370e-01  1.000000e+00  
1.000000e+03  8.547490e-01  2.896648e+01  8.333174e-02  1.027716e-05  1.246102e+04  3.371230e+02  0.000000e+00  8.509059e-01  1.172693e-07  3.434568e-02  1.265623e-09  8.988924e-16  3.572931e-15  7.827551e-10  4.524185e-10  1.147483e-01  1.000000e+00  
1.000000e+03  8.701760e-01  2.484857e+01  8.305308e-02  1.012186e-05  1.266013e+04  3.326459e+02  0.000000e+00  8.667411e-01  1.048139e-07  3.069785e-02  9.104142e-10  7.779318e-16  2.377971e-15  6.998588e-10  4.043676e-10  1.025610e-01  1.000000e+00  
1.000000e+03  8.860125e-01  2.069685e+01  8.277006e-02  9.967763e-06  1.286390e+04  3.281973e+02  0.000000e+00  8.829966e-01  9.202807e-08  2.695319e-02  6.406306e-10  6.599745e-16  1.521676e-15  6.146624e-10  3.550412e-10  9.005013e-02  1.000000e+00  
1.000000e+03  9.022860e-01  1.656375e+01  8.248240e-02  9.814787e-06  1.307263e+04  3.237739e+02  0.000000e+00  8.997007e-01  7.888949e-08  2.310520e-02  4.383189e-10  5.448850e-16  9.249005e-16  5.270345e-10  3.043536e-10  7.719406e-02  1.000000e+00  
1.000000e+03  9.190190e-01  1.252368e+01  8.218993e-02  9.662920e-06  1.328656e+04  3.193741e+02  0.000000e+00  9.168764e-01  6.538000e-08  1.914856e-02  2.888748e-10  4.328749e-16  5.238232e-16  4.368676e-10  2.522348e-10  6.397499e-02  1.000000e+00  
1.000000e+03  9.362275e-01  8.682414e+00  8.189257e-02  9.512217e-06  1.350585e+04  3.149985e+02  0.000000e+00  9.345402e-01  5.148666e-08  1.507948e-02  1.804261e-10  3.245862e-16  2.673227e-16  3.440876e-10  1.986349e-10  5.038028e-02  1.000000e+00  
1.000000e+03  9.539325e-01  5.190154e+00  8.159022e-02  9.362691e-06  1.373070e+04  3.106464e+02  0.000000e+00  9.527136e-01  3.719251e-08  1.089300e-02  1.032595e-10  2.211062e-16  1.147520e-16  2.485911e-10  1.434884e-10  3.639333e-02  1.000000e+00  
1.000000e+03  9.721240e-01  2.279559e+00  8.128324e-02  9.214616e-06  1.396095e+04  3.063252e+02  0.000000e+00  9.713864e-01  2.250562e-08  6.591489e-03  4.958526e-11  1.242636e-16  3.466810e-17  1.504406e-10  8.682660e-11  2.202204e-02  1.000000e+00  
1.000000e+03  9.906675e-01  3.502179e-01  8.097402e-02  9.069605e-06  1.419486e+04  3.020693e+02  0.000000e+00  9.904206e-01  7.534571e-09  2.206740e-03  1.302186e-11  3.696859e-17  3.174104e-18  5.036973e-11  2.906836e-11  7.372679e-03  1.000000e+00  
1.000000e+03  1.000000e+00  0.000000e+00  8.081491e-02  8.999183e-06  1.431234e+04  3.000000e+02  0.000000e+00  1.000000e+00  0.000000e+00  0.000000e+00  0.000000e+00  0.000000e+00  0.000000e+00  0.000000e+00  0.000000e+00  0.000000e+00  1.000000e+00  
