x             rho           u             mdot          tau           T             H2            O2            H2O           H             O             OH            HO2           H2O2          AR            sumfracs      
1.477215e-10  3.069702e-02  1.508290e+00  4.630000e-02  9.793972e-11  3.737000e+02  2.800000e-01  9.000000e-02  5.923133e-39  4.052104e-37  3.474087e-49  1.027902e-32  3.992873e-37  5.987610e-54  6.300000e-01  1.000000e+00  
1.477362e-06  3.068627e-02  1.508818e+00  4.630000e-02  9.791521e-07  3.737000e+02  2.800000e-01  9.000000e-02  6.028432e-31  6.063203e-31  5.198477e-39  1.044668e-28  4.716516e-33  7.126499e-46  6.300000e-01  1.000000e+00  
1.624951e-05  3.057916e-02  1.514103e+00  4.630000e-02  1.074691e-05  3.737000e+02  2.800000e-01  9.000000e-02  5.232691e-29  5.202818e-29  3.225689e-36  1.273511e-27  4.047131e-31  4.497385e-43  6.300000e-01  1.000000e+00  
3.102166e-05  3.047279e-02  1.519388e+00  4.630000e-02  2.048445e-05  3.737000e+02  2.800000e-01  9.000000e-02  1.740116e-28  1.725117e-28  1.545292e-35  2.639178e-27  1.729212e-30  2.565023e-42  6.300000e-01  1.000000e+00  
5.344555e-05  3.031274e-02  1.527410e+00  4.630000e-02  3.520288e-05  3.737000e+02  2.800000e-01  9.000000e-02  5.486138e-28  5.413762e-28  7.903953e-35  5.251985e-27  7.727672e-30  1.828535e-41  6.300000e-01  1.000000e+00  
9.126704e-05  3.004657e-02  1.540941e+00  4.630000e-02  5.985527e-05  3.737000e+02  2.800000e-01  9.000000e-02  1.988470e-27  1.947564e-27  5.126451e-34  1.190172e-26  4.216785e-29  1.832828e-40  6.300000e-01  1.000000e+00  
1.686525e-04  2.951626e-02  1.568627e+00  4.630000e-02  1.096346e-04  3.737000e+02  2.800000e-01  9.000000e-02  1.282041e-26  1.236702e-26  6.914021e-33  4.475473e-26  4.596681e-28  4.360652e-39  6.300000e-01  1.000000e+00  
2.460379e-04  2.900435e-02  1.596312e+00  4.630000e-02  1.585462e-04  3.737000e+02  2.800000e-01  9.000000e-02  5.023762e-26  4.827389e-26  5.008056e-32  1.332226e-25  1.987276e-27  4.900579e-38  6.300000e-01  1.000000e+00  
3.234233e-04  2.850990e-02  1.623998e+00  4.630000e-02  2.066175e-04  3.737000e+02  2.800000e-01  9.000000e-02  1.567776e-25  1.499953e-25  2.063224e-31  3.718510e-25  6.862090e-27  2.238900e-37  6.300000e-01  1.000000e+00  
4.543581e-04  2.771060e-02  1.670841e+00  4.630000e-02  2.861189e-04  3.737000e+02  2.800000e-01  9.000000e-02  1.063527e-24  1.017577e-24  2.875182e-30  1.904013e-24  4.654737e-26  4.595616e-36  6.300000e-01  1.000000e+00  
5.852929e-04  2.695490e-02  1.717684e+00  4.630000e-02  3.634137e-04  3.737000e+02  2.800000e-01  9.000000e-02  5.146867e-24  4.899013e-24  1.879122e-29  9.093495e-24  2.515726e-25  3.088214e-35  6.300000e-01  1.000000e+00  
7.162276e-04  2.623932e-02  1.764527e+00  4.630000e-02  4.386214e-04  3.737000e+02  2.800000e-01  9.000000e-02  2.422985e-23  2.305438e-23  1.260083e-28  3.820950e-23  1.196296e-24  2.659139e-34  6.300000e-01  1.000000e+00  
8.471624e-04  2.556076e-02  1.811370e+00  4.630000e-02  5.118554e-04  3.737000e+02  2.800000e-01  9.000000e-02  1.060549e-22  1.010959e-22  8.848040e-28  1.481767e-22  5.065813e-24  2.155689e-33  6.300000e-01  1.000000e+00  
1.063701e-03  2.451241e-02  1.888839e+00  4.630000e-02  6.289017e-04  3.737000e+02  2.800000e-01  9.000000e-02  1.518009e-21  1.448192e-21  3.787742e-26  1.112501e-21  7.145835e-23  1.556873e-31  6.300000e-01  1.000000e+00  
1.280239e-03  2.356024e-02  1.965175e+00  4.630000e-02  7.412739e-04  3.737000e+02  2.800000e-01  9.000000e-02  9.548835e-21  8.986711e-21  3.567890e-25  9.771741e-21  5.787418e-22  1.336601e-30  6.300000e-01  1.000000e+00  
1.496777e-03  2.275706e-02  2.034533e+00  4.630000e-02  8.495557e-04  3.737000e+02  2.800000e-01  9.000000e-02  6.864415e-20  6.580924e-20  5.930084e-24  3.713321e-20  2.950393e-21  3.575888e-29  6.300000e-01  1.000000e+00  
1.713315e-03  2.200684e-02  2.103891e+00  4.630000e-02  9.541707e-04  3.737000e+02  2.800000e-01  9.000000e-02  2.939557e-19  2.801288e-19  4.016327e-23  2.074709e-19  1.452785e-20  1.859556e-28  6.300000e-01  1.000000e+00  
1.929853e-03  2.130450e-02  2.173250e+00  4.630000e-02  1.055404e-03  3.737000e+02  2.800000e-01  9.000000e-02  1.465846e-18  1.381785e-18  2.251002e-22  6.753904e-19  8.785516e-20  1.396384e-27  6.300000e-01  1.000000e+00  
2.146392e-03  2.064561e-02  2.242608e+00  4.630000e-02  1.153472e-03  3.737000e+02  2.800000e-01  9.000000e-02  5.505197e-18  5.224913e-18  1.644338e-21  2.853657e-18  2.982831e-19  1.442670e-26  6.300000e-01  1.000000e+00  
2.362930e-03  2.002625e-02  2.311966e+00  4.630000e-02  1.248560e-03  3.737000e+02  2.800000e-01  9.000000e-02  2.271695e-17  2.150867e-17  8.658976e-21  7.380711e-18  1.287008e-18  7.532587e-26  6.300000e-01  1.000000e+00  
2.579468e-03  1.946541e-02  2.378579e+00  4.630000e-02  1.340896e-03  3.737000e+02  2.800000e-01  9.000000e-02  6.919559e-17  6.621668e-17  5.025600e-20  2.896619e-17  3.273781e-18  5.352226e-25  6.300000e-01  1.000000e+00  
2.796006e-03  1.897187e-02  2.440456e+00  4.630000e-02  1.430764e-03  3.737000e+02  2.800000e-01  9.000000e-02  2.492591e-16  2.370580e-16  1.993272e-19  3.626106e-17  1.318932e-17  1.916744e-24  6.300000e-01  1.000000e+00  
3.012544e-03  1.850273e-02  2.502333e+00  4.630000e-02  1.518365e-03  3.737000e+02  2.800000e-01  9.000000e-02  4.833202e-16  4.723222e-16  9.586368e-19  2.857436e-16  1.378549e-17  1.206622e-23  6.300000e-01  1.000000e+00  
3.229083e-03  1.805624e-02  2.564210e+00  4.630000e-02  1.603833e-03  3.737000e+02  2.800000e-01  9.000000e-02  2.381240e-15  2.242826e-15  2.206006e-18  4.245616e-16  1.473032e-16  1.399977e-23  6.300000e-01  1.000000e+00  
3.445621e-03  1.763080e-02  2.626087e+00  4.630000e-02  1.687271e-03  3.737000e+02  2.800000e-01  9.000000e-02  6.669350e-16  3.497818e-16  1.544471e-17  5.427504e-15  3.014334e-16  2.863690e-22  6.300000e-01  1.000000e+00  
3.662159e-03  1.722493e-02  2.687964e+00  4.630000e-02  1.768769e-03  3.737000e+02  2.800000e-01  9.000000e-02  3.897159e-14  3.576112e-14  1.280743e-17  2.792398e-14  3.306737e-15  9.246970e-22  6.300000e-01  1.000000e+00  
3.878697e-03  1.685568e-02  2.746849e+00  4.630000e-02  1.848460e-03  3.737000e+02  2.800000e-01  9.000000e-02  1.757945e-13  1.574262e-13  4.220020e-16  2.006041e-13  1.858061e-14  1.235871e-20  6.300000e-01  1.000000e+00  
4.095235e-03  1.651394e-02  2.803692e+00  4.630000e-02  1.926482e-03  3.737000e+02  2.800000e-01  9.000000e-02  1.418905e-12  1.286161e-12  2.476750e-15  1.369802e-12  1.357150e-13  9.176200e-20  6.300000e-01  1.000000e+00  
4.471567e-03  1.595186e-02  2.902482e+00  4.630000e-02  2.058350e-03  3.737000e+02  2.800000e-01  9.000000e-02  8.835558e-11  7.405046e-11  2.746419e-13  8.838971e-11  1.458186e-11  1.819047e-17  6.300000e-01  1.000000e+00  
4.847899e-03  1.542679e-02  3.001272e+00  4.630000e-02  2.185809e-03  3.737000e+02  2.800000e-01  9.000000e-02  2.291853e-09  1.910529e-09  9.249315e-12  2.298393e-09  3.905803e-10  5.795528e-16  6.300000e-01  1.000000e+00  
5.224231e-03  1.496087e-02  3.094740e+00  4.630000e-02  2.309273e-03  3.737000e+02  2.800000e-01  9.000000e-02  2.251484e-08  1.950562e-08  9.986370e-11  2.259133e-08  3.109109e-09  9.409658e-15  6.300000e-01  1.000000e+00  
5.600562e-03  1.453872e-02  3.184599e+00  4.630000e-02  2.429124e-03  3.737000e+02  2.800000e-01  9.000000e-02  5.211916e-09  7.473615e-11  1.173398e-10  5.400271e-09  5.403941e-09  3.364676e-14  6.300000e-01  1.000000e+00  
5.976894e-03  1.413974e-02  3.274458e+00  4.630000e-02  2.545633e-03  3.737000e+02  2.800000e-01  9.000001e-02  2.002068e-09  8.018897e-09  1.586795e-10  1.495878e-09  6.174844e-09  1.417641e-13  6.300000e-01  1.000000e+00  
6.353226e-03  1.376208e-02  3.364317e+00  4.630000e-02  2.658999e-03  3.737000e+02  2.800000e-01  9.000001e-02  5.043048e-09  1.121339e-08  6.341593e-11  4.564100e-09  6.103283e-09  3.046450e-13  6.300000e-01  1.000000e+00  
6.729558e-03  1.340407e-02  3.454176e+00  4.630000e-02  2.769385e-03  3.737000e+02  2.800000e-01  9.000000e-02  2.110023e-10  5.924370e-09  2.007476e-10  4.715761e-10  5.908396e-09  5.186212e-13  6.300000e-01  1.000000e+00  
7.105889e-03  1.306421e-02  3.544035e+00  4.630000e-02  2.876939e-03  3.737000e+02  2.800000e-01  9.000000e-02  3.222256e-09  9.029946e-09  9.304157e-11  2.026304e-09  5.705820e-09  8.071216e-13  6.300000e-01  1.000000e+00  
7.482221e-03  1.274116e-02  3.633893e+00  4.630000e-02  2.981800e-03  3.737000e+02  2.800000e-01  9.000000e-02  2.242258e-09  2.497902e-09  9.722165e-10  4.581997e-09  5.700989e-09  1.156332e-12  6.300000e-01  1.000000e+00  
7.858553e-03  1.247695e-02  3.710844e+00  4.630000e-02  3.084291e-03  3.737000e+02  2.800000e-01  9.000000e-02  1.056382e-08  1.698539e-08  8.890162e-10  6.416280e-09  5.513359e-09  1.606008e-12  6.300000e-01  1.000000e+00  
8.234885e-03  1.222554e-02  3.787154e+00  4.630000e-02  3.184650e-03  3.737000e+02  2.800000e-01  9.000000e-02  7.486869e-09  5.750049e-09  4.011121e-09  1.288253e-08  5.721115e-09  2.085597e-12  6.300000e-01  1.000000e+00  
8.611216e-03  1.198406e-02  3.863464e+00  4.630000e-02  3.283011e-03  3.737000e+02  2.800000e-01  9.000000e-02  3.676206e-08  5.001142e-08  8.128826e-09  2.500789e-08  5.068748e-09  2.769096e-12  6.300000e-01  1.000000e+00  
8.987548e-03  1.175194e-02  3.939774e+00  4.630000e-02  3.379460e-03  3.737000e+02  2.800001e-01  8.999999e-02  4.832809e-08  6.782214e-08  2.583538e-08  5.223979e-08  6.275213e-09  3.274320e-12  6.300000e-01  1.000000e+00  
9.203843e-03  1.162256e-02  3.983633e+00  4.630000e-02  3.434056e-03  3.737000e+02  2.800000e-01  8.999999e-02  3.555416e-09  2.194755e-08  2.544919e-08  1.898035e-08  6.973024e-09  3.712785e-12  6.300000e-01  1.000000e+00  
9.341230e-03  1.154184e-02  4.011491e+00  4.630000e-02  3.468424e-03  3.737000e+02  2.800000e-01  8.999998e-02  3.044060e-08  2.381962e-08  1.375393e-08  1.156175e-09  7.027851e-09  4.114427e-12  6.300000e-01  1.000000e+00  
9.478616e-03  1.146224e-02  4.039350e+00  4.630000e-02  3.502554e-03  3.737000e+02  2.799999e-01  8.999998e-02  4.143715e-08  4.262660e-08  5.892585e-09  1.142104e-09  6.949354e-09  4.566060e-12  6.300000e-01  1.000000e+00  
9.616003e-03  1.138373e-02  4.067208e+00  4.630000e-02  3.536449e-03  3.737000e+02  2.799999e-01  8.999998e-02  4.692120e-08  5.090295e-08  3.014256e-09  1.201681e-09  6.830076e-09  5.039429e-12  6.300000e-01  1.000000e+00  
9.753390e-03  1.130629e-02  4.095066e+00  4.630000e-02  3.570113e-03  3.737000e+02  2.799999e-01  8.999998e-02  5.304792e-08  5.695010e-08  3.008228e-09  1.754714e-09  6.705474e-09  5.525116e-12  6.300000e-01  1.000000e+00  
9.890776e-03  1.122989e-02  4.122925e+00  4.630000e-02  3.603549e-03  3.737000e+02  2.799999e-01  8.999997e-02  6.045157e-08  6.341033e-08  3.870479e-09  1.555654e-09  6.578386e-09  6.025104e-12  6.300000e-01  1.000000e+00  
1.018354e-02  1.109612e-02  4.172630e+00  4.630000e-02  3.674165e-03  3.737000e+02  2.799999e-01  8.999996e-02  8.052249e-08  8.176151e-08  5.396897e-09  1.834959e-09  6.259892e-09  7.129412e-12  6.300000e-01  1.000000e+00  
1.047631e-02  1.098045e-02  4.216587e+00  4.630000e-02  3.743992e-03  3.737000e+02  2.799998e-01  8.999995e-02  1.083844e-07  1.076809e-07  7.109192e-09  2.482882e-09  5.863733e-09  8.264152e-12  6.300000e-01  1.000000e+00  
1.076907e-02  1.086716e-02  4.260543e+00  4.630000e-02  3.813078e-03  3.737000e+02  2.799998e-01  8.999992e-02  1.469228e-07  1.434570e-07  9.583179e-09  3.384504e-09  5.359316e-09  9.399891e-12  6.300000e-01  1.000000e+00  
1.106184e-02  1.075619e-02  4.304500e+00  4.630000e-02  3.881449e-03  3.737000e+02  2.799997e-01  8.999989e-02  2.008183e-07  1.934947e-07  1.306933e-08  4.723164e-09  4.709179e-09  1.049283e-11  6.300000e-01  1.000000e+00  
1.135461e-02  1.064746e-02  4.348457e+00  4.630000e-02  3.949124e-03  3.737000e+02  2.799996e-01  8.999985e-02  2.770867e-07  2.641989e-07  1.814440e-08  6.632838e-09  3.863652e-09  1.148057e-11  6.300000e-01  1.000000e+00  
1.164737e-02  1.054090e-02  4.392413e+00  4.630000e-02  4.016117e-03  3.737000e+02  2.799994e-01  8.999979e-02  3.863338e-07  3.654386e-07  2.549489e-08  9.457785e-09  2.753081e-09  1.227242e-11  6.300000e-01  1.000000e+00  
1.194014e-02  1.043646e-02  4.436370e+00  4.630000e-02  4.082443e-03  3.737000e+02  2.799992e-01  8.999970e-02  5.447703e-07  5.121474e-07  3.632241e-08  1.363368e-08  1.279688e-09  1.273610e-11  6.300000e-01  1.000000e+00  
1.241487e-02  1.027143e-02  4.507647e+00  4.630000e-02  4.188609e-03  3.737000e+02  2.799985e-01  8.999946e-02  9.852546e-07  9.195571e-07  6.709604e-08  2.583720e-08  2.269362e-09  1.219420e-11  6.300000e-01  1.000000e+00  
1.288960e-02  1.015199e-02  4.560684e+00  4.630000e-02  4.293331e-03  3.737000e+02  2.799973e-01  8.999899e-02  1.827308e-06  1.698007e-06  1.264874e-07  4.941230e-08  8.105567e-09  8.900464e-12  6.300000e-01  1.000000e+00  
1.336433e-02  1.004396e-02  4.609735e+00  4.630000e-02  4.396843e-03  3.737000e+02  2.799949e-01  8.999810e-02  3.436633e-06  3.186351e-06  2.392981e-07  9.408563e-08  1.818172e-08  7.102883e-13  6.300000e-01  1.000000e+00  
1.366168e-02  9.977461e-03  4.640459e+00  4.630000e-02  4.461127e-03  3.737000e+02  2.799924e-01  8.999715e-02  5.138364e-06  4.757138e-06  3.619334e-07  1.453630e-07  2.762677e-08  8.685284e-12  6.300000e-01  1.000000e+00  
1.395903e-02  9.911836e-03  4.671183e+00  4.630000e-02  4.524992e-03  3.737000e+02  2.799885e-01  8.999569e-02  7.765313e-06  7.182870e-06  5.506064e-07  2.227459e-07  4.091822e-08  2.319643e-11  6.300000e-01  1.000000e+00  
1.425639e-02  9.847069e-03  4.701907e+00  4.630000e-02  4.588441e-03  3.737000e+02  2.799824e-01  8.999341e-02  1.187702e-05  1.097499e-05  8.509576e-07  3.496635e-07  5.968589e-08  4.544698e-11  6.300000e-01  1.000000e+00  
1.455374e-02  9.783143e-03  4.732630e+00  4.630000e-02  4.651477e-03  3.737000e+02  2.799728e-01  8.998979e-02  1.838579e-05  1.697284e-05  1.331727e-06  5.532488e-07  8.634883e-08  7.909742e-11  6.300001e-01  1.000000e+00  
1.472565e-02  9.746562e-03  4.750393e+00  4.630000e-02  4.687734e-03  3.737000e+02  2.799649e-01  8.998681e-02  2.373559e-05  2.190240e-05  1.727250e-06  7.223679e-07  1.064816e-07  1.055361e-10  6.300001e-01  1.000000e+00  
1.489757e-02  9.710254e-03  4.768155e+00  4.630000e-02  4.723855e-03  3.737000e+02  2.799546e-01  8.998291e-02  3.074083e-05  2.835607e-05  2.246231e-06  9.450371e-07  1.310288e-07  1.387223e-10  6.300001e-01  1.000000e+00  
1.506948e-02  9.680114e-03  4.783001e+00  4.630000e-02  4.759854e-03  3.737000e+02  2.799410e-01  8.997780e-02  3.994515e-05  3.683428e-05  2.928927e-06  1.240366e-06  1.607786e-07  1.802872e-10  6.300001e-01  1.000000e+00  
1.524139e-02  9.658817e-03  4.793548e+00  4.630000e-02  4.795757e-03  3.737000e+02  2.799231e-01  8.997106e-02  5.206079e-05  4.799099e-05  3.829421e-06  1.629857e-06  1.964161e-07  2.319709e-10  6.300001e-01  1.000000e+00  
1.541330e-02  9.637613e-03  4.804094e+00  4.630000e-02  4.831578e-03  3.737000e+02  2.798995e-01  8.996220e-02  6.800975e-05  6.267575e-05  5.014139e-06  2.141733e-06  2.387117e-07  2.958029e-10  6.300002e-01  1.000000e+00  
1.558521e-02  9.616503e-03  4.814640e+00  4.630000e-02  4.867321e-03  3.737000e+02  2.798685e-01  8.995053e-02  8.903337e-05  8.202299e-05  6.581556e-06  2.822181e-06  2.878056e-07  3.742119e-10  6.300002e-01  1.000000e+00  
1.569220e-02  9.603412e-03  4.821203e+00  4.630000e-02  4.889527e-03  3.737000e+02  2.798444e-01  8.994145e-02  1.053728e-04  9.705423e-05  7.802548e-06  3.357166e-06  3.214726e-07  4.313653e-10  6.300003e-01  1.000000e+00  
1.579919e-02  9.590356e-03  4.827766e+00  4.630000e-02  4.911703e-03  3.737000e+02  2.798157e-01  8.993065e-02  1.248241e-04  1.149451e-04  9.256423e-06  3.993318e-06  3.571673e-07  4.955752e-10  6.300003e-01  1.000000e+00  
1.590617e-02  9.577336e-03  4.834330e+00  4.630000e-02  4.933848e-03  3.737000e+02  2.797815e-01  8.991779e-02  1.479959e-04  1.362518e-04  1.099102e-05  4.756065e-06  3.943624e-07  5.673668e-10  6.300004e-01  1.000000e+00  
1.601316e-02  9.564352e-03  4.840893e+00  4.630000e-02  4.955964e-03  3.737000e+02  2.797407e-01  8.990245e-02  1.756282e-04  1.616546e-04  1.306063e-05  5.665897e-06  4.323509e-07  6.471274e-10  6.300004e-01  1.000000e+00  
1.612015e-02  9.551403e-03  4.847455e+00  4.630000e-02  4.978050e-03  3.737000e+02  2.796920e-01  8.988415e-02  2.086067e-04  1.919626e-04  1.553524e-05  6.759257e-06  4.701011e-07  7.350810e-10  6.300005e-01  1.000000e+00  
1.622713e-02  9.538489e-03  4.854018e+00  4.630000e-02  5.000105e-03  3.737000e+02  2.796339e-01  8.986230e-02  2.479931e-04  2.281511e-04  1.849335e-05  8.066924e-06  5.065849e-07  8.313081e-10  6.300006e-01  1.000000e+00  
1.633412e-02  9.525610e-03  4.860581e+00  4.630000e-02  5.022131e-03  3.737000e+02  2.795645e-01  8.983619e-02  2.950601e-04  2.713832e-04  2.203493e-05  9.638878e-06  5.404972e-07  9.357365e-10  6.300007e-01  1.000000e+00  
1.644111e-02  9.512767e-03  4.867144e+00  4.630000e-02  5.044128e-03  3.737000e+02  2.794814e-01  8.980497e-02  3.513589e-04  3.230854e-04  2.627399e-05  1.152237e-05  5.706690e-07  1.048101e-09  6.300008e-01  1.000000e+00  
1.654809e-02  9.499958e-03  4.873706e+00  4.630000e-02  5.066094e-03  3.737000e+02  2.793820e-01  8.976760e-02  4.187401e-04  3.849488e-04  3.135731e-05  1.378833e-05  5.959602e-07  1.168095e-09  6.300010e-01  1.000000e+00  
1.665508e-02  9.487184e-03  4.880268e+00  4.630000e-02  5.088031e-03  3.737000e+02  2.792630e-01  8.972284e-02  4.994505e-04  4.590409e-04  3.744968e-05  1.650817e-05  6.158022e-07  1.295495e-09  6.300011e-01  1.000000e+00  
1.672229e-02  9.479177e-03  4.884390e+00  4.630000e-02  5.101798e-03  3.737000e+02  2.791764e-01  8.969030e-02  5.581198e-04  5.128901e-04  4.188519e-05  1.849516e-05  6.250577e-07  1.379346e-09  6.300013e-01  1.000000e+00  
1.678950e-02  9.471183e-03  4.888513e+00  4.630000e-02  5.115552e-03  3.737000e+02  2.790795e-01  8.965384e-02  6.238659e-04  5.732299e-04  4.685957e-05  2.072347e-05  6.321133e-07  1.466258e-09  6.300014e-01  1.000000e+00  
1.685672e-02  9.463204e-03  4.892635e+00  4.630000e-02  5.129296e-03  3.737000e+02  2.789708e-01  8.961297e-02  6.975587e-04  6.408561e-04  5.244148e-05  2.322804e-05  6.370152e-07  1.556556e-09  6.300015e-01  1.000000e+00  
1.692393e-02  9.455238e-03  4.896757e+00  4.630000e-02  5.143027e-03  3.737000e+02  2.788489e-01  8.956714e-02  7.801823e-04  7.166749e-04  5.870314e-05  2.603869e-05  6.402517e-07  1.650694e-09  6.300017e-01  1.000000e+00  
1.699114e-02  9.447285e-03  4.900879e+00  4.630000e-02  5.156747e-03  3.737000e+02  2.787123e-01  8.951575e-02  8.728309e-04  8.016873e-04  6.573096e-05  2.919854e-05  6.419132e-07  1.749444e-09  6.300019e-01  1.000000e+00  
1.705835e-02  9.439347e-03  4.905000e+00  4.630000e-02  5.170456e-03  3.737000e+02  2.785590e-01  8.945810e-02  9.767455e-04  8.970326e-04  7.361935e-05  3.275004e-05  6.423773e-07  1.853843e-09  6.300021e-01  1.000000e+00  
1.712557e-02  9.431422e-03  4.909122e+00  4.630000e-02  5.184153e-03  3.737000e+02  2.783871e-01  8.939343e-02  1.093310e-03  1.003981e-03  8.247359e-05  3.673932e-05  6.421681e-07  1.965293e-09  6.300024e-01  1.000000e+00  
1.723135e-02  9.418977e-03  4.915608e+00  4.630000e-02  5.205687e-03  3.737000e+02  2.780730e-01  8.927527e-02  1.306264e-03  1.199356e-03  9.866588e-05  4.404827e-05  6.409354e-07  2.159893e-09  6.300028e-01  1.000000e+00  
1.730317e-02  9.410546e-03  4.920012e+00  4.630000e-02  5.220292e-03  3.737000e+02  2.778249e-01  8.918194e-02  1.474437e-03  1.353639e-03  1.114660e-04  4.983570e-05  6.395924e-07  2.309766e-09  6.300031e-01  1.000000e+00  
1.737500e-02  9.402132e-03  4.924415e+00  4.630000e-02  5.234883e-03  3.737000e+02  2.775444e-01  8.907639e-02  1.664613e-03  1.528099e-03  1.259510e-04  5.639151e-05  6.382887e-07  2.478963e-09  6.300035e-01  1.000000e+00  
1.744682e-02  9.393733e-03  4.928818e+00  4.630000e-02  5.249462e-03  3.737000e+02  2.772271e-01  8.895699e-02  1.879707e-03  1.725410e-03  1.423454e-04  6.382066e-05  6.363283e-07  2.673349e-09  6.300040e-01  1.000000e+00  
1.757573e-02  9.378698e-03  4.936719e+00  4.630000e-02  5.275597e-03  3.737000e+02  2.765497e-01  8.870203e-02  2.338980e-03  2.146672e-03  1.773817e-04  7.972890e-05  6.201670e-07  3.111005e-09  6.300049e-01  1.000000e+00  
1.770465e-02  9.363714e-03  4.944619e+00  4.630000e-02  5.301690e-03  3.737000e+02  2.757048e-01  8.838399e-02  2.911762e-03  2.672024e-03  2.211237e-04  9.960734e-05  6.214015e-07  3.713995e-09  6.300061e-01  1.000000e+00  
1.778750e-02  9.354113e-03  4.949694e+00  4.630000e-02  5.318436e-03  3.737000e+02  2.750551e-01  8.813940e-02  3.352208e-03  3.075974e-03  2.547850e-04  1.149322e-04  6.308120e-07  4.229340e-09  6.300070e-01  1.000000e+00  
1.787035e-02  9.344533e-03  4.954769e+00  4.630000e-02  5.335165e-03  3.737000e+02  2.743071e-01  8.785777e-02  3.859293e-03  3.541009e-03  2.935560e-04  1.326054e-04  6.366544e-07  4.886000e-09  6.300080e-01  1.000000e+00  
1.795319e-02  9.334975e-03  4.959842e+00  4.630000e-02  5.351878e-03  3.737000e+02  2.734465e-01  8.753371e-02  4.442786e-03  4.076071e-03  3.381823e-04  1.529649e-04  6.315858e-07  5.728687e-09  6.300092e-01  1.000000e+00  
1.803604e-02  9.325439e-03  4.964914e+00  4.630000e-02  5.368573e-03  3.737000e+02  2.724569e-01  8.716110e-02  5.113659e-03  4.691225e-03  3.895031e-04  1.763816e-04  6.337609e-07  6.815798e-09  6.300106e-01  1.000000e+00  
1.811889e-02  9.315926e-03  4.969983e+00  4.630000e-02  5.385251e-03  3.737000e+02  2.713204e-01  8.673310e-02  5.884212e-03  5.397738e-03  4.484554e-04  2.032972e-04  6.451642e-07  8.224483e-09  6.300122e-01  1.000000e+00  
1.820174e-02  9.306437e-03  4.975051e+00  4.630000e-02  5.401912e-03  3.737000e+02  2.700165e-01  8.624212e-02  6.768224e-03  6.208189e-03  5.160786e-04  2.342072e-04  6.254855e-07  1.005146e-08  6.300140e-01  1.000000e+00  
1.828459e-02  9.296971e-03  4.980117e+00  4.630000e-02  5.418556e-03  3.737000e+02  2.685230e-01  8.567970e-02  7.780867e-03  7.136510e-03  5.935197e-04  2.695719e-04  6.201029e-07  1.242153e-08  6.300162e-01  1.000000e+00  
1.836743e-02  9.287530e-03  4.985179e+00  4.630000e-02  5.435184e-03  3.737000e+02  2.668153e-01  8.503665e-02  8.938759e-03  8.197906e-03  6.820263e-04  3.099884e-04  6.286167e-07  1.549629e-08  6.300187e-01  1.000000e+00  
1.845028e-02  9.278114e-03  4.990238e+00  4.630000e-02  5.451794e-03  3.737000e+02  2.648669e-01  8.430296e-02  1.025995e-02  9.408878e-03  7.829383e-04  3.560677e-04  6.351164e-07  1.947967e-08  6.300217e-01  1.000000e+00  
1.853313e-02  9.268724e-03  4.995294e+00  4.630000e-02  5.468388e-03  3.737000e+02  2.626493e-01  8.346801e-02  1.176373e-02  1.078708e-02  8.976730e-04  4.084157e-04  6.369491e-07  2.462298e-08  6.300251e-01  1.000000e+00  
1.861598e-02  9.259362e-03  5.000344e+00  4.630000e-02  5.484965e-03  3.737000e+02  2.601329e-01  8.252063e-02  1.347037e-02  1.235101e-02  1.027699e-03  4.676769e-04  6.214038e-07  3.123271e-08  6.300291e-01  1.000000e+00  
1.869883e-02  9.250029e-03  5.005390e+00  4.630000e-02  5.501525e-03  3.737000e+02  2.572870e-01  8.144936e-02  1.540057e-02  1.411967e-02  1.174498e-03  5.344388e-04  6.654012e-07  3.968726e-08  6.300338e-01  1.000000e+00  
1.875632e-02  9.243569e-03  5.008888e+00  4.630000e-02  5.513008e-03  3.737000e+02  2.551020e-01  8.062700e-02  1.688270e-02  1.547757e-02  1.287006e-03  5.856000e-04  6.444660e-07  4.687034e-08  6.300374e-01  1.000000e+00  
1.879499e-02  9.239234e-03  5.011238e+00  4.630000e-02  5.520725e-03  3.737000e+02  2.535301e-01  8.003549e-02  1.794905e-02  1.645445e-02  1.367827e-03  6.222731e-04  6.223484e-07  5.240128e-08  6.300402e-01  1.000000e+00  
1.883365e-02  9.234906e-03  5.013586e+00  4.630000e-02  5.528439e-03  3.737000e+02  2.518723e-01  7.941174e-02  1.907369e-02  1.748472e-02  1.452954e-03  6.608224e-04  6.271900e-07  5.856010e-08  6.300431e-01  1.000000e+00  
1.887232e-02  9.230585e-03  5.015933e+00  4.630000e-02  5.536149e-03  3.737000e+02  2.501260e-01  7.875472e-02  2.025851e-02  1.857004e-02  1.542504e-03  7.013522e-04  6.316077e-07  6.540676e-08  6.300462e-01  1.000000e+00  
1.891098e-02  9.226272e-03  5.018278e+00  4.630000e-02  5.543856e-03  3.737000e+02  2.482884e-01  7.806348e-02  2.150532e-02  1.971206e-02  1.636585e-03  7.438772e-04  6.401485e-07  7.300409e-08  6.300496e-01  1.000000e+00  
1.894965e-02  9.221967e-03  5.020621e+00  4.630000e-02  5.551559e-03  3.737000e+02  2.463571e-01  7.733714e-02  2.281579e-02  2.091229e-02  1.735289e-03  7.884452e-04  6.200733e-07  8.141458e-08  6.300532e-01  1.000000e+00  
1.898831e-02  9.217669e-03  5.022962e+00  4.630000e-02  5.559258e-03  3.737000e+02  2.443301e-01  7.657489e-02  2.419137e-02  2.217211e-02  1.838696e-03  8.349856e-04  6.539659e-07  9.070620e-08  6.300571e-01  1.000000e+00  
1.901462e-02  9.214750e-03  5.024553e+00  4.630000e-02  5.564495e-03  3.737000e+02  2.428949e-01  7.603531e-02  2.516534e-02  2.306405e-02  1.911785e-03  8.678820e-04  6.573507e-07  9.756806e-08  6.300600e-01  1.000000e+00  
1.904093e-02  9.211834e-03  5.026144e+00  4.630000e-02  5.569731e-03  3.737000e+02  2.414140e-01  7.547861e-02  2.617046e-02  2.398441e-02  1.987089e-03  9.017747e-04  6.112398e-07  1.048891e-07  6.300629e-01  1.000000e+00  
1.906724e-02  9.208922e-03  5.027733e+00  4.630000e-02  5.574965e-03  3.737000e+02  2.398869e-01  7.490465e-02  2.720697e-02  2.493354e-02  2.064620e-03  9.365033e-04  6.321440e-07  1.126913e-07  6.300660e-01  1.000000e+00  
1.908451e-02  9.207013e-03  5.028775e+00  4.630000e-02  5.578399e-03  3.737000e+02  2.388594e-01  7.451848e-02  2.790442e-02  2.557217e-02  2.116717e-03  9.598229e-04  6.577192e-07  1.180851e-07  6.300682e-01  1.000000e+00  
1.910178e-02  9.205106e-03  5.029817e+00  4.630000e-02  5.581833e-03  3.737000e+02  2.378118e-01  7.412482e-02  2.861555e-02  2.622325e-02  2.169772e-03  9.836410e-04  6.228053e-07  1.237015e-07  6.300704e-01  1.000000e+00  
1.911905e-02  9.203201e-03  5.030858e+00  4.630000e-02  5.585266e-03  3.737000e+02  2.367441e-01  7.372363e-02  2.934044e-02  2.688690e-02  2.223785e-03  1.007823e-03  5.937245e-07  1.295459e-07  6.300726e-01  1.000000e+00  
1.913632e-02  9.201298e-03  5.031899e+00  4.630000e-02  5.588698e-03  3.737000e+02  2.356561e-01  7.331489e-02  3.007905e-02  2.756316e-02  2.278752e-03  1.032303e-03  6.350057e-07  1.356251e-07  6.300750e-01  1.000000e+00  
1.915359e-02  9.199397e-03  5.032939e+00  4.630000e-02  5.592130e-03  3.737000e+02  2.345479e-01  7.289861e-02  3.083140e-02  2.825193e-02  2.334670e-03  1.057275e-03  6.336698e-07  1.419449e-07  6.300774e-01  1.000000e+00  
1.916501e-02  9.198140e-03  5.033626e+00  4.630000e-02  5.594400e-03  3.737000e+02  2.338037e-01  7.261908e-02  3.133668e-02  2.871448e-02  2.372181e-03  1.074035e-03  6.165031e-07  1.462605e-07  6.300790e-01  1.000000e+00  
1.917644e-02  9.196884e-03  5.034314e+00  4.630000e-02  5.596669e-03  3.737000e+02  2.330507e-01  7.233625e-02  3.184799e-02  2.918256e-02  2.410104e-03  1.090927e-03  6.198625e-07  1.506854e-07  6.300807e-01  1.000000e+00  
1.918786e-02  9.195629e-03  5.035001e+00  4.630000e-02  5.598939e-03  3.737000e+02  2.322888e-01  7.205013e-02  3.236531e-02  2.965612e-02  2.448437e-03  1.107985e-03  6.268050e-07  1.552212e-07  6.300824e-01  1.000000e+00  
1.919929e-02  9.194375e-03  5.035688e+00  4.630000e-02  5.601207e-03  3.737000e+02  2.315181e-01  7.176072e-02  3.288863e-02  3.013516e-02  2.487177e-03  1.125226e-03  6.275218e-07  1.598693e-07  6.300842e-01  1.000000e+00  
1.921071e-02  9.193121e-03  5.036374e+00  4.630000e-02  5.603476e-03  3.737000e+02  2.307386e-01  7.146804e-02  3.341794e-02  3.061967e-02  2.526322e-03  1.142639e-03  6.245499e-07  1.646312e-07  6.300860e-01  1.000000e+00  
1.922793e-02  9.191234e-03  5.037408e+00  4.630000e-02  5.606895e-03  3.737000e+02  2.295472e-01  7.102073e-02  3.422703e-02  3.136025e-02  2.586080e-03  1.169191e-03  6.214266e-07  1.720266e-07  6.300887e-01  1.000000e+00  
1.924515e-02  9.189349e-03  5.038442e+00  4.630000e-02  5.610313e-03  3.737000e+02  2.283359e-01  7.056604e-02  3.504964e-02  3.211317e-02  2.646739e-03  1.196107e-03  6.181801e-07  1.796882e-07  6.300916e-01  1.000000e+00  
1.926237e-02  9.187466e-03  5.039475e+00  4.630000e-02  5.613730e-03  3.737000e+02  2.271050e-01  7.010402e-02  3.588568e-02  3.287836e-02  2.708287e-03  1.223375e-03  6.206776e-07  1.876205e-07  6.300945e-01  1.000000e+00  
1.929009e-02  9.184438e-03  5.041136e+00  4.630000e-02  5.619230e-03  3.737000e+02  2.250823e-01  6.934501e-02  3.725952e-02  3.413570e-02  2.809200e-03  1.268017e-03  6.221087e-07  2.009688e-07  6.300994e-01  1.000000e+00  
1.931781e-02  9.181417e-03  5.042795e+00  4.630000e-02  5.624728e-03  3.737000e+02  2.230097e-01  6.856746e-02  3.866743e-02  3.542411e-02  2.912314e-03  1.313551e-03  6.169257e-07  2.150441e-07  6.301046e-01  1.000000e+00  
1.934553e-02  9.178401e-03  5.044452e+00  4.630000e-02  5.630224e-03  3.737000e+02  2.208881e-01  6.777174e-02  4.010880e-02  3.674304e-02  3.017555e-03  1.359918e-03  6.139213e-07  2.298592e-07  6.301100e-01  1.000000e+00  
1.937325e-02  9.175391e-03  5.046106e+00  4.630000e-02  5.635718e-03  3.737000e+02  2.187185e-01  6.695826e-02  4.158292e-02  3.809183e-02  3.124836e-03  1.407078e-03  6.107318e-07  2.454237e-07  6.301157e-01  1.000000e+00  
1.940097e-02  9.172388e-03  5.047759e+00  4.630000e-02  5.641211e-03  3.737000e+02  2.165022e-01  6.612752e-02  4.308893e-02  3.946970e-02  3.234063e-03  1.454973e-03  6.189883e-07  2.617449e-07  6.301217e-01  1.000000e+00  
1.942869e-02  9.169390e-03  5.049409e+00  4.630000e-02  5.646701e-03  3.737000e+02  2.142407e-01  6.528009e-02  4.462589e-02  4.087573e-02  3.345128e-03  1.503598e-03  5.997827e-07  2.788255e-07  6.301279e-01  1.000000e+00  
1.945641e-02  9.166399e-03  5.051056e+00  4.630000e-02  5.652190e-03  3.737000e+02  2.119356e-01  6.441659e-02  4.619273e-02  4.230898e-02  3.457918e-03  1.552834e-03  5.874086e-07  2.966647e-07  6.301345e-01  1.000000e+00  
1.948413e-02  9.163415e-03  5.052702e+00  4.630000e-02  5.657677e-03  3.737000e+02  2.095885e-01  6.353771e-02  4.778821e-02  4.376832e-02  3.572309e-03  1.602600e-03  6.174265e-07  3.152595e-07  6.301414e-01  1.000000e+00  
1.951186e-02  9.160437e-03  5.054344e+00  4.630000e-02  5.663163e-03  3.737000e+02  2.072016e-01  6.264421e-02  4.941104e-02  4.525249e-02  3.688163e-03  1.652957e-03  6.033134e-07  3.346014e-07  6.301486e-01  1.000000e+00  
1.953117e-02  9.158366e-03  5.055487e+00  4.630000e-02  5.666984e-03  3.737000e+02  2.055160e-01  6.201342e-02  5.055723e-02  4.630066e-02  3.769679e-03  1.688295e-03  5.973057e-07  3.485139e-07  6.301538e-01  1.000000e+00  
1.955049e-02  9.156298e-03  5.056629e+00  4.630000e-02  5.670804e-03  3.737000e+02  2.038128e-01  6.137623e-02  5.171549e-02  4.735981e-02  3.851786e-03  1.723807e-03  6.021178e-07  3.627774e-07  6.301591e-01  1.000000e+00  
1.956980e-02  9.154234e-03  5.057769e+00  4.630000e-02  5.674623e-03  3.737000e+02  2.020928e-01  6.073294e-02  5.288529e-02  4.842941e-02  3.934431e-03  1.759500e-03  6.022473e-07  3.773855e-07  6.301647e-01  1.000000e+00  
1.958912e-02  9.152173e-03  5.058908e+00  4.630000e-02  5.678442e-03  3.737000e+02  2.003568e-01  6.008387e-02  5.406605e-02  4.950896e-02  4.017559e-03  1.795343e-03  5.988527e-07  3.923306e-07  6.301704e-01  1.000000e+00  
1.960843e-02  9.150116e-03  5.060045e+00  4.630000e-02  5.682260e-03  3.737000e+02  1.986058e-01  5.942937e-02  5.525720e-02  5.059791e-02  4.101114e-03  1.831303e-03  5.940379e-07  4.076039e-07  6.301763e-01  1.000000e+00  
1.964261e-02  9.146484e-03  5.062055e+00  4.630000e-02  5.689014e-03  3.737000e+02  1.954730e-01  5.825884e-02  5.738873e-02  5.254633e-02  4.249847e-03  1.895143e-03  5.900060e-07  4.354057e-07  6.301871e-01  1.000000e+00  
1.967680e-02  9.142863e-03  5.064059e+00  4.630000e-02  5.695765e-03  3.737000e+02  1.923010e-01  5.707439e-02  5.954731e-02  5.451916e-02  4.399401e-03  1.959127e-03  5.862174e-07  4.641409e-07  6.301985e-01  1.000000e+00  
1.971098e-02  9.139254e-03  5.066059e+00  4.630000e-02  5.702514e-03  3.737000e+02  1.890955e-01  5.587811e-02  6.172924e-02  5.651300e-02  4.549435e-03  2.023111e-03  5.810431e-07  4.937381e-07  6.302105e-01  1.000000e+00  
1.974516e-02  9.135656e-03  5.068054e+00  4.630000e-02  5.709260e-03  3.737000e+02  1.858621e-01  5.467218e-02  6.393065e-02  5.852428e-02  4.699595e-03  2.086946e-03  5.757826e-07  5.241159e-07  6.302231e-01  1.000000e+00  
1.980211e-02  9.129689e-03  5.071366e+00  4.630000e-02  5.720493e-03  3.737000e+02  1.804294e-01  5.264779e-02  6.763064e-02  6.190383e-02  4.949072e-03  2.192570e-03  5.658844e-07  5.762085e-07  6.302455e-01  1.000000e+00  
1.985906e-02  9.123756e-03  5.074664e+00  4.630000e-02  5.731718e-03  3.737000e+02  1.749640e-01  5.061356e-02  7.135462e-02  6.530404e-02  5.196236e-03  2.296707e-03  5.552355e-07  6.297486e-07  6.302697e-01  1.000000e+00  
1.991601e-02  9.117858e-03  5.077947e+00  4.630000e-02  5.742937e-03  3.737000e+02  1.694942e-01  4.858028e-02  7.508329e-02  6.870714e-02  5.439436e-03  2.398730e-03  5.417363e-07  6.842282e-07  6.302957e-01  1.000000e+00  
1.997296e-02  9.111994e-03  5.081215e+00  4.630000e-02  5.754148e-03  3.737000e+02  1.640487e-01  4.655869e-02  7.879738e-02  7.209534e-02  5.677075e-03  2.498051e-03  5.352287e-07  7.391071e-07  6.303235e-01  1.000000e+00  
2.002990e-02  9.107549e-03  5.083695e+00  4.630000e-02  5.765353e-03  3.737000e+02  1.586559e-01  4.455987e-02  8.247771e-02  7.545116e-02  5.907336e-03  2.593485e-03  5.301637e-07  7.938510e-07  6.303532e-01  1.000000e+00  
2.006961e-02  9.105340e-03  5.084928e+00  4.630000e-02  5.773163e-03  3.737000e+02  1.549419e-01  4.318557e-02  8.501381e-02  7.776277e-02  6.062485e-03  2.657034e-03  5.119157e-07  8.316544e-07  6.303751e-01  1.000000e+00  
2.010932e-02  9.103146e-03  5.086154e+00  4.630000e-02  5.780972e-03  3.737000e+02  1.512765e-01  4.183114e-02  8.751798e-02  8.004447e-02  6.212609e-03  2.718119e-03  4.829102e-07  8.689246e-07  6.303979e-01  1.000000e+00  
2.014903e-02  9.100966e-03  5.087372e+00  4.630000e-02  5.788778e-03  3.737000e+02  1.476678e-01  4.049942e-02  8.998453e-02  8.229091e-02  6.357410e-03  2.776932e-03  4.766217e-07  9.054685e-07  6.304216e-01  1.000000e+00  
2.018874e-02  9.098802e-03  5.088582e+00  4.630000e-02  5.796583e-03  3.737000e+02  1.441232e-01  3.919299e-02  9.240851e-02  8.449730e-02  6.496675e-03  2.833622e-03  4.246723e-07  9.411253e-07  6.304463e-01  1.000000e+00  
2.021582e-02  9.097334e-03  5.089403e+00  4.630000e-02  5.801903e-03  3.737000e+02  1.417463e-01  3.831785e-02  9.403471e-02  8.597680e-02  6.588355e-03  2.870855e-03  4.638533e-07  9.648558e-07  6.304637e-01  1.000000e+00  
2.023308e-02  9.096402e-03  5.089924e+00  4.630000e-02  5.805294e-03  3.737000e+02  1.402493e-01  3.776707e-02  9.505923e-02  8.690853e-02  6.645358e-03  2.894054e-03  4.737688e-07  9.797110e-07  6.304749e-01  1.000000e+00  
2.024502e-02  9.095759e-03  5.090284e+00  4.630000e-02  5.807640e-03  3.737000e+02  1.392224e-01  3.738944e-02  9.576219e-02  8.754763e-02  6.684122e-03  2.909867e-03  4.619608e-07  9.898569e-07  6.304829e-01  1.000000e+00  
2.025695e-02  9.095118e-03  5.090643e+00  4.630000e-02  5.809985e-03  3.737000e+02  1.382027e-01  3.701457e-02  9.646040e-02  8.818228e-02  6.722342e-03  2.925444e-03  4.610145e-07  9.998942e-07  6.304908e-01  1.000000e+00  
2.026889e-02  9.094477e-03  5.091002e+00  4.630000e-02  5.812329e-03  3.737000e+02  1.371901e-01  3.664251e-02  9.715377e-02  8.881237e-02  6.760012e-03  2.940807e-03  4.596764e-07  1.009820e-06  6.304989e-01  1.000000e+00  
2.029211e-02  9.093235e-03  5.091697e+00  4.630000e-02  5.816891e-03  3.737000e+02  1.352415e-01  3.592689e-02  9.848855e-02  9.002490e-02  6.831715e-03  2.970086e-03  4.561069e-07  1.028799e-06  6.305149e-01  1.000000e+00  
2.030722e-02  9.092430e-03  5.092148e+00  4.630000e-02  5.819857e-03  3.737000e+02  1.339899e-01  3.546751e-02  9.934620e-02  9.080365e-02  6.877206e-03  2.988703e-03  4.476469e-07  1.040899e-06  6.305254e-01  1.000000e+00  
2.032232e-02  9.091626e-03  5.092598e+00  4.630000e-02  5.822822e-03  3.737000e+02  1.327507e-01  3.501294e-02  1.001955e-01  9.157457e-02  6.921796e-03  3.006975e-03  4.418674e-07  1.052803e-06  6.305360e-01  1.000000e+00  
2.033742e-02  9.090825e-03  5.093047e+00  4.630000e-02  5.825788e-03  3.737000e+02  1.315242e-01  3.456325e-02  1.010363e-01  9.233751e-02  6.965481e-03  3.024900e-03  4.404679e-07  1.064506e-06  6.305468e-01  1.000000e+00  
2.036335e-02  9.089454e-03  5.093815e+00  4.630000e-02  5.830878e-03  3.737000e+02  1.294487e-01  3.380279e-02  1.024597e-01  9.362837e-02  7.038361e-03  3.054891e-03  4.344228e-07  1.084120e-06  6.305656e-01  1.000000e+00  
2.040307e-02  9.087365e-03  5.094986e+00  4.630000e-02  5.838675e-03  3.737000e+02  1.263453e-01  3.266691e-02  1.045894e-01  9.555801e-02  7.144788e-03  3.098918e-03  4.234774e-07  1.112958e-06  6.305951e-01  1.000000e+00  
2.044278e-02  9.085289e-03  5.096150e+00  4.630000e-02  5.846469e-03  3.737000e+02  1.233362e-01  3.156702e-02  1.066560e-01  9.742817e-02  7.244901e-03  3.140665e-03  4.122982e-07  1.140298e-06  6.306255e-01  1.000000e+00  
2.048250e-02  9.083226e-03  5.097308e+00  4.630000e-02  5.854262e-03  3.737000e+02  1.204238e-01  3.050383e-02  1.086579e-01  9.923734e-02  7.338738e-03  3.180183e-03  4.140762e-07  1.166111e-06  6.306566e-01  1.000000e+00  
2.052222e-02  9.081176e-03  5.098459e+00  4.630000e-02  5.862053e-03  3.737000e+02  1.176097e-01  2.947785e-02  1.105939e-01  1.009844e-01  7.426370e-03  3.217572e-03  3.868733e-07  1.190386e-06  6.306886e-01  1.000000e+00  
2.056194e-02  9.079137e-03  5.099603e+00  4.630000e-02  5.869842e-03  3.737000e+02  1.148949e-01  2.848933e-02  1.124635e-01  1.026687e-01  7.507902e-03  3.252795e-03  4.067830e-07  1.213126e-06  6.307213e-01  1.000000e+00  
2.058946e-02  9.077732e-03  5.100393e+00  4.630000e-02  5.875240e-03  3.737000e+02  1.130721e-01  2.782628e-02  1.137199e-01  1.037988e-01  7.560899e-03  3.276074e-03  3.861238e-07  1.227994e-06  6.307444e-01  1.000000e+00  
2.061699e-02  9.076331e-03  5.101180e+00  4.630000e-02  5.880636e-03  3.737000e+02  1.112972e-01  2.718123e-02  1.149442e-01  1.048985e-01  7.611088e-03  3.298400e-03  3.588679e-07  1.242141e-06  6.307678e-01  1.000000e+00  
2.064452e-02  9.074936e-03  5.101964e+00  4.630000e-02  5.886032e-03  3.737000e+02  1.095702e-01  2.655411e-02  1.161364e-01  1.059678e-01  7.658526e-03  3.319758e-03  3.667157e-07  1.255579e-06  6.307916e-01  1.000000e+00  
2.067204e-02  9.073546e-03  5.102746e+00  4.630000e-02  5.891426e-03  3.737000e+02  1.078909e-01  2.594481e-02  1.172966e-01  1.070067e-01  7.703277e-03  3.340295e-03  3.377761e-07  1.268321e-06  6.308157e-01  1.000000e+00  
2.069957e-02  9.072162e-03  5.103525e+00  4.630000e-02  5.896820e-03  3.737000e+02  1.062591e-01  2.535319e-02  1.184251e-01  1.080155e-01  7.745411e-03  3.359939e-03  3.344056e-07  1.280384e-06  6.308401e-01  1.000000e+00  
2.072709e-02  9.070782e-03  5.104301e+00  4.630000e-02  5.902213e-03  3.737000e+02  1.046745e-01  2.477908e-02  1.195219e-01  1.089943e-01  7.785000e-03  3.378743e-03  3.550660e-07  1.291787e-06  6.308648e-01  1.000000e+00  
2.075462e-02  9.069407e-03  5.105075e+00  4.630000e-02  5.907606e-03  3.737000e+02  1.031365e-01  2.422228e-02  1.205875e-01  1.099433e-01  7.822119e-03  3.396820e-03  3.418093e-07  1.302550e-06  6.308899e-01  1.000000e+00  
2.078214e-02  9.068037e-03  5.105846e+00  4.630000e-02  5.912997e-03  3.737000e+02  1.016446e-01  2.368256e-02  1.216221e-01  1.108629e-01  7.856848e-03  3.414128e-03  3.216788e-07  1.312694e-06  6.309152e-01  1.000000e+00  
2.080967e-02  9.066671e-03  5.106615e+00  4.630000e-02  5.918388e-03  3.737000e+02  1.001983e-01  2.315967e-02  1.226263e-01  1.117534e-01  7.889269e-03  3.430675e-03  3.040420e-07  1.322239e-06  6.309407e-01  1.000000e+00  
2.083720e-02  9.065309e-03  5.107382e+00  4.630000e-02  5.923778e-03  3.737000e+02  9.879696e-02  2.265332e-02  1.236003e-01  1.126152e-01  7.919460e-03  3.446476e-03  3.284521e-07  1.331206e-06  6.309666e-01  1.000000e+00  
2.086472e-02  9.063952e-03  5.108147e+00  4.630000e-02  5.929167e-03  3.737000e+02  9.743987e-02  2.216323e-02  1.245446e-01  1.134487e-01  7.947508e-03  3.461673e-03  3.285056e-07  1.339622e-06  6.309927e-01  1.000000e+00  
2.089225e-02  9.062599e-03  5.108910e+00  4.630000e-02  5.934555e-03  3.737000e+02  9.612627e-02  2.168911e-02  1.254599e-01  1.142543e-01  7.973499e-03  3.476266e-03  2.953566e-07  1.347509e-06  6.310191e-01  1.000000e+00  
2.091977e-02  9.061250e-03  5.109671e+00  4.630000e-02  5.939942e-03  3.737000e+02  9.485537e-02  2.123061e-02  1.263465e-01  1.150325e-01  7.997516e-03  3.490155e-03  3.078049e-07  1.354892e-06  6.310457e-01  1.000000e+00  
2.094730e-02  9.059904e-03  5.110429e+00  4.630000e-02  5.945329e-03  3.737000e+02  9.362639e-02  2.078741e-02  1.272051e-01  1.157838e-01  8.019642e-03  3.503475e-03  3.212722e-07  1.361793e-06  6.310725e-01  1.000000e+00  
2.097483e-02  9.058563e-03  5.111186e+00  4.630000e-02  5.950715e-03  3.737000e+02  9.243847e-02  2.035918e-02  1.280362e-01  1.165087e-01  8.039964e-03  3.516316e-03  2.836379e-07  1.368236e-06  6.310995e-01  1.000000e+00  
2.100235e-02  9.057224e-03  5.111941e+00  4.630000e-02  5.956100e-03  3.737000e+02  9.129071e-02  1.994555e-02  1.288404e-01  1.172078e-01  8.058567e-03  3.528564e-03  2.707673e-07  1.374245e-06  6.311268e-01  1.000000e+00  
2.102988e-02  9.055890e-03  5.112695e+00  4.630000e-02  5.961484e-03  3.737000e+02  9.018224e-02  1.954616e-02  1.296183e-01  1.178816e-01  8.075529e-03  3.540250e-03  3.035734e-07  1.379842e-06  6.311543e-01  1.000000e+00  
2.105740e-02  9.054558e-03  5.113447e+00  4.630000e-02  5.966867e-03  3.737000e+02  8.911217e-02  1.916067e-02  1.303705e-01  1.185306e-01  8.090933e-03  3.551577e-03  2.615543e-07  1.385052e-06  6.311819e-01  1.000000e+00  
2.107513e-02  9.053703e-03  5.113930e+00  4.630000e-02  5.970333e-03  3.737000e+02  8.844302e-02  1.891964e-02  1.308416e-01  1.189356e-01  8.100065e-03  3.558582e-03  2.509699e-07  1.388211e-06  6.311998e-01  1.000000e+00  
2.109285e-02  9.052848e-03  5.114412e+00  4.630000e-02  5.973799e-03  3.737000e+02  8.778916e-02  1.868411e-02  1.313024e-01  1.193309e-01  8.108605e-03  3.565368e-03  2.643784e-07  1.391223e-06  6.312178e-01  1.000000e+00  
2.111057e-02  9.051995e-03  5.114894e+00  4.630000e-02  5.977264e-03  3.737000e+02  8.715033e-02  1.845399e-02  1.317532e-01  1.197164e-01  8.116572e-03  3.572013e-03  2.621344e-07  1.394095e-06  6.312358e-01  1.000000e+00  
2.112830e-02  9.051143e-03  5.115376e+00  4.630000e-02  5.980729e-03  3.737000e+02  8.652627e-02  1.822919e-02  1.321941e-01  1.200923e-01  8.123988e-03  3.578495e-03  2.557910e-07  1.396832e-06  6.312540e-01  1.000000e+00  
2.114602e-02  9.050293e-03  5.115857e+00  4.630000e-02  5.984193e-03  3.737000e+02  8.591674e-02  1.800960e-02  1.326253e-01  1.204589e-01  8.130872e-03  3.584805e-03  2.486559e-07  1.399440e-06  6.312722e-01  1.000000e+00  
2.116374e-02  9.049443e-03  5.116337e+00  4.630000e-02  5.987658e-03  3.737000e+02  8.532148e-02  1.779512e-02  1.330469e-01  1.208162e-01  8.137244e-03  3.590917e-03  2.680451e-07  1.401924e-06  6.312904e-01  1.000000e+00  
2.118147e-02  9.048595e-03  5.116817e+00  4.630000e-02  5.991122e-03  3.737000e+02  8.474026e-02  1.758567e-02  1.334592e-01  1.211644e-01  8.143123e-03  3.596907e-03  2.734845e-07  1.404290e-06  6.313087e-01  1.000000e+00  
2.119919e-02  9.047747e-03  5.117296e+00  4.630000e-02  5.994585e-03  3.737000e+02  8.417280e-02  1.738115e-02  1.338623e-01  1.215037e-01  8.148528e-03  3.602792e-03  2.462911e-07  1.406542e-06  6.313271e-01  1.000000e+00  
2.121691e-02  9.046901e-03  5.117774e+00  4.630000e-02  5.998048e-03  3.737000e+02  8.361886e-02  1.718144e-02  1.342563e-01  1.218342e-01  8.153478e-03  3.608442e-03  2.712883e-07  1.408687e-06  6.313456e-01  1.000000e+00  
2.122906e-02  9.046322e-03  5.118102e+00  4.630000e-02  6.000421e-03  3.737000e+02  8.324701e-02  1.704735e-02  1.345211e-01  1.220557e-01  8.156616e-03  3.612261e-03  2.751918e-07  1.410096e-06  6.313582e-01  1.000000e+00  
2.124120e-02  9.045743e-03  5.118430e+00  4.630000e-02  6.002794e-03  3.737000e+02  8.288130e-02  1.691546e-02  1.347819e-01  1.222732e-01  8.159553e-03  3.616080e-03  2.329242e-07  1.411458e-06  6.313709e-01  1.000000e+00  
2.125334e-02  9.045165e-03  5.118757e+00  4.630000e-02  6.005166e-03  3.737000e+02  8.252165e-02  1.678572e-02  1.350385e-01  1.224867e-01  8.162297e-03  3.619751e-03  2.337753e-07  1.412773e-06  6.313837e-01  1.000000e+00  
2.126549e-02  9.044587e-03  5.119084e+00  4.630000e-02  6.007538e-03  3.737000e+02  8.216798e-02  1.665811e-02  1.352912e-01  1.226964e-01  8.164853e-03  3.623354e-03  2.405725e-07  1.414044e-06  6.313964e-01  1.000000e+00  
2.127763e-02  9.044010e-03  5.119411e+00  4.630000e-02  6.009910e-03  3.737000e+02  8.182022e-02  1.653260e-02  1.355400e-01  1.229022e-01  8.167224e-03  3.626932e-03  2.283604e-07  1.415272e-06  6.314092e-01  1.000000e+00  
2.128977e-02  9.043433e-03  5.119737e+00  4.630000e-02  6.012282e-03  3.737000e+02  8.147830e-02  1.640915e-02  1.357848e-01  1.231043e-01  8.169416e-03  3.630394e-03  2.581077e-07  1.416458e-06  6.314220e-01  1.000000e+00  
2.130192e-02  9.042857e-03  5.120063e+00  4.630000e-02  6.014654e-03  3.737000e+02  8.114215e-02  1.628775e-02  1.360258e-01  1.233025e-01  8.171434e-03  3.633879e-03  2.412078e-07  1.417604e-06  6.314348e-01  1.000000e+00  
2.131012e-02  9.042468e-03  5.120284e+00  4.630000e-02  6.016256e-03  3.737000e+02  8.091827e-02  1.620688e-02  1.361865e-01  1.234343e-01  8.172703e-03  3.636205e-03  2.216615e-07  1.418356e-06  6.314435e-01  1.000000e+00  
2.131832e-02  9.042079e-03  5.120504e+00  4.630000e-02  6.017858e-03  3.737000e+02  8.069696e-02  1.612692e-02  1.363454e-01  1.235646e-01  8.173897e-03  3.638431e-03  2.480516e-07  1.419090e-06  6.314522e-01  1.000000e+00  
2.132652e-02  9.041690e-03  5.120724e+00  4.630000e-02  6.019460e-03  3.737000e+02  8.047821e-02  1.604785e-02  1.365026e-01  1.236931e-01  8.175016e-03  3.640669e-03  2.573272e-07  1.419808e-06  6.314609e-01  1.000000e+00  
2.133473e-02  9.041301e-03  5.120944e+00  4.630000e-02  6.021062e-03  3.737000e+02  8.026197e-02  1.596969e-02  1.366582e-01  1.238199e-01  8.176063e-03  3.642948e-03  2.252353e-07  1.420509e-06  6.314696e-01  1.000000e+00  
2.134293e-02  9.040913e-03  5.121164e+00  4.630000e-02  6.022664e-03  3.737000e+02  8.004822e-02  1.589239e-02  1.368121e-01  1.239452e-01  8.177040e-03  3.645110e-03  2.484289e-07  1.421194e-06  6.314783e-01  1.000000e+00  
2.134847e-02  9.040651e-03  5.121313e+00  4.630000e-02  6.023745e-03  3.737000e+02  7.990531e-02  1.584070e-02  1.369151e-01  1.240289e-01  8.177660e-03  3.646583e-03  2.488335e-07  1.421648e-06  6.314842e-01  1.000000e+00  
2.135401e-02  9.040389e-03  5.121461e+00  4.630000e-02  6.024826e-03  3.737000e+02  7.976351e-02  1.578941e-02  1.370173e-01  1.241118e-01  8.178248e-03  3.648068e-03  2.350263e-07  1.422094e-06  6.314901e-01  1.000000e+00  
2.135955e-02  9.040127e-03  5.121610e+00  4.630000e-02  6.025908e-03  3.737000e+02  7.962283e-02  1.573851e-02  1.371188e-01  1.241940e-01  8.178807e-03  3.649521e-03  2.325878e-07  1.422533e-06  6.314960e-01  1.000000e+00  
2.136508e-02  9.039865e-03  5.121758e+00  4.630000e-02  6.026989e-03  3.737000e+02  7.948325e-02  1.568800e-02  1.372195e-01  1.242754e-01  8.179335e-03  3.650954e-03  2.353682e-07  1.422966e-06  6.315019e-01  1.000000e+00  
2.137062e-02  9.039603e-03  5.121906e+00  4.630000e-02  6.028070e-03  3.737000e+02  7.934477e-02  1.563787e-02  1.373195e-01  1.243562e-01  8.179834e-03  3.652382e-03  2.349895e-07  1.423391e-06  6.315078e-01  1.000000e+00  
2.138141e-02  9.039093e-03  5.122195e+00  4.630000e-02  6.030176e-03  3.737000e+02  7.907821e-02  1.554136e-02  1.375122e-01  1.245114e-01  8.180720e-03  3.655136e-03  2.338068e-07  1.424201e-06  6.315193e-01  1.000000e+00  
2.139219e-02  9.038584e-03  5.122484e+00  4.630000e-02  6.032282e-03  3.737000e+02  7.881573e-02  1.544628e-02  1.377021e-01  1.246640e-01  8.181498e-03  3.657854e-03  2.320460e-07  1.424986e-06  6.315308e-01  1.000000e+00  
2.140298e-02  9.038075e-03  5.122772e+00  4.630000e-02  6.034387e-03  3.737000e+02  7.855729e-02  1.535262e-02  1.378894e-01  1.248140e-01  8.182171e-03  3.660533e-03  2.304274e-07  1.425747e-06  6.315424e-01  1.000000e+00  
2.141376e-02  9.037566e-03  5.123061e+00  4.630000e-02  6.036492e-03  3.737000e+02  7.830282e-02  1.526036e-02  1.380740e-01  1.249613e-01  8.182741e-03  3.663176e-03  2.291403e-07  1.426486e-06  6.315539e-01  1.000000e+00  
2.144263e-02  9.036206e-03  5.123832e+00  4.630000e-02  6.042126e-03  3.737000e+02  7.764103e-02  1.502020e-02  1.385553e-01  1.253431e-01  8.183786e-03  3.670074e-03  2.259252e-07  1.428353e-06  6.315849e-01  1.000000e+00  
2.149189e-02  9.033889e-03  5.125146e+00  4.630000e-02  6.051739e-03  3.737000e+02  7.657378e-02  1.463214e-02  1.393351e-01  1.259540e-01  8.184073e-03  3.681292e-03  2.206774e-07  1.431207e-06  6.316380e-01  1.000000e+00  
2.154115e-02  9.031577e-03  5.126458e+00  4.630000e-02  6.061350e-03  3.737000e+02  7.558104e-02  1.427010e-02  1.400652e-01  1.265160e-01  8.182689e-03  3.691862e-03  2.159184e-07  1.433692e-06  6.316914e-01  1.000000e+00  
2.159041e-02  9.029270e-03  5.127768e+00  4.630000e-02  6.070958e-03  3.737000e+02  7.465832e-02  1.393245e-02  1.407487e-01  1.270322e-01  8.179862e-03  3.701844e-03  2.113287e-07  1.435862e-06  6.317450e-01  1.000000e+00  
2.163967e-02  9.026967e-03  5.129076e+00  4.630000e-02  6.080563e-03  3.737000e+02  7.380133e-02  1.361762e-02  1.413883e-01  1.275052e-01  8.175793e-03  3.711289e-03  2.070758e-07  1.437764e-06  6.317988e-01  1.000000e+00  
2.168894e-02  9.024668e-03  5.130383e+00  4.630000e-02  6.090167e-03  3.737000e+02  7.300597e-02  1.332411e-02  1.419869e-01  1.279377e-01  8.170666e-03  3.720243e-03  2.030342e-07  1.439439e-06  6.318527e-01  1.000000e+00  
2.178165e-02  9.020350e-03  5.132839e+00  4.630000e-02  6.108235e-03  3.737000e+02  7.166276e-02  1.282471e-02  1.430112e-01  1.286506e-01  8.158685e-03  3.735908e-03  1.961309e-07  1.442093e-06  6.319546e-01  1.000000e+00  
2.187437e-02  9.016042e-03  5.135291e+00  4.630000e-02  6.126294e-03  3.737000e+02  7.050019e-02  1.238732e-02  1.439151e-01  1.292444e-01  8.144419e-03  3.750227e-03  1.900179e-07  1.444258e-06  6.320568e-01  1.000000e+00  
2.196709e-02  9.011742e-03  5.137742e+00  4.630000e-02  6.144345e-03  3.737000e+02  6.949634e-02  1.200415e-02  1.447133e-01  1.297334e-01  8.128595e-03  3.763403e-03  1.846213e-07  1.446082e-06  6.321591e-01  1.000000e+00  
2.205981e-02  9.007449e-03  5.140190e+00  4.630000e-02  6.162387e-03  3.737000e+02  6.863173e-02  1.166835e-02  1.454188e-01  1.301305e-01  8.111759e-03  3.775606e-03  1.798120e-07  1.447672e-06  6.322616e-01  1.000000e+00  
2.215253e-02  9.003161e-03  5.142638e+00  4.630000e-02  6.180420e-03  3.737000e+02  6.788913e-02  1.137392e-02  1.460431e-01  1.304469e-01  8.094319e-03  3.786976e-03  1.755813e-07  1.449102e-06  6.323640e-01  1.000000e+00  
2.224524e-02  8.998877e-03  5.145087e+00  4.630000e-02  6.198445e-03  3.737000e+02  6.725323e-02  1.111554e-02  1.465961e-01  1.306929e-01  8.076580e-03  3.797632e-03  1.718084e-07  1.450425e-06  6.324664e-01  1.000000e+00  
2.233796e-02  8.994595e-03  5.147536e+00  4.630000e-02  6.216462e-03  3.737000e+02  6.671045e-02  1.088856e-02  1.470871e-01  1.308774e-01  8.058771e-03  3.807673e-03  1.684949e-07  1.451681e-06  6.325685e-01  1.000000e+00  
2.243068e-02  8.990316e-03  5.149986e+00  4.630000e-02  6.234470e-03  3.737000e+02  6.624879e-02  1.068886e-02  1.475238e-01  1.310083e-01  8.041057e-03  3.817185e-03  1.655137e-07  1.452894e-06  6.326704e-01  1.000000e+00  
2.252340e-02  8.986038e-03  5.152438e+00  4.630000e-02  6.252469e-03  3.737000e+02  6.585769e-02  1.051287e-02  1.479132e-01  1.310928e-01  8.023548e-03  3.826242e-03  1.628988e-07  1.454084e-06  6.327720e-01  1.000000e+00  
2.267035e-02  8.979257e-03  5.156328e+00  4.630000e-02  6.280979e-03  3.737000e+02  6.536013e-02  1.027496e-02  1.484484e-01  1.311464e-01  7.996385e-03  3.839815e-03  1.592742e-07  1.455945e-06  6.329322e-01  1.000000e+00  
2.281730e-02  8.972476e-03  5.160225e+00  4.630000e-02  6.309467e-03  3.737000e+02  6.498585e-02  1.007841e-02  1.489006e-01  1.311195e-01  7.970059e-03  3.852604e-03  1.562268e-07  1.457792e-06  6.330914e-01  1.000000e+00  
2.296425e-02  8.965692e-03  5.164130e+00  4.630000e-02  6.337933e-03  3.737000e+02  6.470992e-02  9.914885e-03  1.492861e-01  1.310287e-01  7.944607e-03  3.864771e-03  1.535910e-07  1.459631e-06  6.332495e-01  1.000000e+00  
2.311120e-02  8.958904e-03  5.168043e+00  4.630000e-02  6.366378e-03  3.737000e+02  6.451228e-02  9.777724e-03  1.496181e-01  1.308875e-01  7.920008e-03  3.876447e-03  1.514450e-07  1.461458e-06  6.334063e-01  1.000000e+00  
2.325815e-02  8.952111e-03  5.171965e+00  4.630000e-02  6.394802e-03  3.737000e+02  6.437675e-02  9.661562e-03  1.499074e-01  1.307070e-01  7.896213e-03  3.887734e-03  1.494740e-07  1.463271e-06  6.335618e-01  1.000000e+00  
2.340509e-02  8.945312e-03  5.175896e+00  4.630000e-02  6.423204e-03  3.737000e+02  6.429035e-02  9.562117e-03  1.501623e-01  1.304958e-01  7.873159e-03  3.898718e-03  1.478690e-07  1.465063e-06  6.337159e-01  1.000000e+00  
2.355204e-02  8.938507e-03  5.179836e+00  4.630000e-02  6.451584e-03  3.737000e+02  6.424280e-02  9.475994e-03  1.503898e-01  1.302609e-01  7.850782e-03  3.909467e-03  1.462640e-07  1.466829e-06  6.338686e-01  1.000000e+00  
2.369899e-02  8.931695e-03  5.183786e+00  4.630000e-02  6.479942e-03  3.737000e+02  6.422595e-02  9.400516e-03  1.505952e-01  1.300078e-01  7.829016e-03  3.920033e-03  1.450337e-07  1.468563e-06  6.340199e-01  1.000000e+00  
2.392832e-02  8.921053e-03  5.189970e+00  4.630000e-02  6.524155e-03  3.737000e+02  6.424612e-02  9.299113e-03  1.508813e-01  1.295863e-01  7.796130e-03  3.936257e-03  1.429176e-07  1.471194e-06  6.342531e-01  1.000000e+00  
2.415764e-02  8.910394e-03  5.196179e+00  4.630000e-02  6.568315e-03  3.737000e+02  6.430721e-02  9.212516e-03  1.511359e-01  1.291432e-01  7.764409e-03  3.952266e-03  1.414264e-07  1.473726e-06  6.344829e-01  1.000000e+00  
2.438697e-02  8.899720e-03  5.202411e+00  4.630000e-02  6.612422e-03  3.737000e+02  6.439620e-02  9.136438e-03  1.513675e-01  1.286873e-01  7.733714e-03  3.968150e-03  1.399357e-07  1.476152e-06  6.347091e-01  1.000000e+00  
2.461630e-02  8.889030e-03  5.208667e+00  4.630000e-02  6.656476e-03  3.737000e+02  6.450405e-02  9.067908e-03  1.515822e-01  1.282244e-01  7.703929e-03  3.983975e-03  1.385493e-07  1.478468e-06  6.349319e-01  1.000000e+00  
2.484562e-02  8.878326e-03  5.214947e+00  4.630000e-02  6.700477e-03  3.737000e+02  6.462460e-02  9.004881e-03  1.517840e-01  1.277588e-01  7.674980e-03  3.999785e-03  1.372046e-07  1.480670e-06  6.351513e-01  1.000000e+00  
2.507495e-02  8.867608e-03  5.221250e+00  4.630000e-02  6.744426e-03  3.737000e+02  6.475366e-02  8.945958e-03  1.519760e-01  1.272930e-01  7.646811e-03  4.015610e-03  1.359533e-07  1.482755e-06  6.353674e-01  1.000000e+00  
2.530427e-02  8.856877e-03  5.227576e+00  4.630000e-02  6.788321e-03  3.737000e+02  6.488832e-02  8.890166e-03  1.521599e-01  1.268291e-01  7.619369e-03  4.031475e-03  1.347534e-07  1.484723e-06  6.355801e-01  1.000000e+00  
2.553360e-02  8.846134e-03  5.233925e+00  4.630000e-02  6.832162e-03  3.737000e+02  6.502654e-02  8.836819e-03  1.523373e-01  1.263681e-01  7.592611e-03  4.047397e-03  1.335763e-07  1.486573e-06  6.357896e-01  1.000000e+00  
2.576292e-02  8.835380e-03  5.240295e+00  4.630000e-02  6.875951e-03  3.737000e+02  6.516692e-02  8.785430e-03  1.525091e-01  1.259111e-01  7.566509e-03  4.063382e-03  1.324447e-07  1.488304e-06  6.359959e-01  1.000000e+00  
2.599225e-02  8.824616e-03  5.246687e+00  4.630000e-02  6.919686e-03  3.737000e+02  6.530850e-02  8.735661e-03  1.526761e-01  1.254585e-01  7.541041e-03  4.079440e-03  1.313372e-07  1.489915e-06  6.361991e-01  1.000000e+00  
2.622157e-02  8.813843e-03  5.253100e+00  4.630000e-02  6.963368e-03  3.737000e+02  6.545066e-02  8.687277e-03  1.528388e-01  1.250106e-01  7.516189e-03  4.095581e-03  1.302435e-07  1.491403e-06  6.363993e-01  1.000000e+00  
2.645090e-02  8.803061e-03  5.259534e+00  4.630000e-02  7.006997e-03  3.737000e+02  6.559294e-02  8.640115e-03  1.529975e-01  1.245677e-01  7.491930e-03  4.111803e-03  1.291847e-07  1.492769e-06  6.365964e-01  1.000000e+00  
2.668023e-02  8.792272e-03  5.265988e+00  4.630000e-02  7.050572e-03  3.737000e+02  6.573505e-02  8.594054e-03  1.531525e-01  1.241298e-01  7.468241e-03  4.128106e-03  1.281429e-07  1.494011e-06  6.367906e-01  1.000000e+00  
2.690955e-02  8.781476e-03  5.272462e+00  4.630000e-02  7.094094e-03  3.737000e+02  6.587678e-02  8.549000e-03  1.533040e-01  1.236970e-01  7.445114e-03  4.144498e-03  1.271078e-07  1.495126e-06  6.369820e-01  1.000000e+00  
2.713888e-02  8.770674e-03  5.278956e+00  4.630000e-02  7.137562e-03  3.737000e+02  6.601800e-02  8.504885e-03  1.534522e-01  1.232693e-01  7.422540e-03  4.160979e-03  1.261050e-07  1.496114e-06  6.371705e-01  1.000000e+00  
2.736820e-02  8.759867e-03  5.285468e+00  4.630000e-02  7.180977e-03  3.737000e+02  6.615861e-02  8.461660e-03  1.535972e-01  1.228466e-01  7.400497e-03  4.177543e-03  1.251182e-07  1.496973e-06  6.373562e-01  1.000000e+00  
2.772398e-02  8.743093e-03  5.295609e+00  4.630000e-02  7.248225e-03  3.737000e+02  6.637542e-02  8.396267e-03  1.538161e-01  1.222008e-01  7.367326e-03  4.203418e-03  1.236034e-07  1.498049e-06  6.376391e-01  1.000000e+00  
2.807976e-02  8.726311e-03  5.305793e+00  4.630000e-02  7.315344e-03  3.737000e+02  6.659050e-02  8.332800e-03  1.540279e-01  1.215667e-01  7.335362e-03  4.229503e-03  1.221036e-07  1.498805e-06  6.379156e-01  1.000000e+00  
2.843554e-02  8.709525e-03  5.316019e+00  4.630000e-02  7.382335e-03  3.737000e+02  6.680378e-02  8.271167e-03  1.542329e-01  1.209441e-01  7.304555e-03  4.255796e-03  1.206791e-07  1.499235e-06  6.381860e-01  1.000000e+00  
2.879132e-02  8.692736e-03  5.326286e+00  4.630000e-02  7.449196e-03  3.737000e+02  6.701525e-02  8.211289e-03  1.544314e-01  1.203327e-01  7.274873e-03  4.282299e-03  1.193056e-07  1.499336e-06  6.384505e-01  1.000000e+00  
2.914710e-02  8.675947e-03  5.336593e+00  4.630000e-02  7.515929e-03  3.737000e+02  6.722491e-02  8.153094e-03  1.546236e-01  1.197323e-01  7.246282e-03  4.309009e-03  1.179182e-07  1.499102e-06  6.387092e-01  1.000000e+00  
2.971695e-02  8.649062e-03  5.353182e+00  4.630000e-02  7.622545e-03  3.737000e+02  6.755697e-02  8.063240e-03  1.549188e-01  1.187926e-01  7.202655e-03  4.352216e-03  1.157909e-07  1.498022e-06  6.391119e-01  1.000000e+00  
2.990593e-02  8.640149e-03  5.358704e+00  4.630000e-02  7.657829e-03  3.737000e+02  6.766607e-02  8.034319e-03  1.550134e-01  1.184867e-01  7.188755e-03  4.366659e-03  1.151008e-07  1.497469e-06  6.392424e-01  1.000000e+00  
2.997671e-02  8.636811e-03  5.360775e+00  4.630000e-02  7.671035e-03  3.737000e+02  6.770681e-02  8.023596e-03  1.550484e-01  1.183729e-01  7.183620e-03  4.372084e-03  1.148444e-07  1.497236e-06  6.392909e-01  1.000000e+00  
3.001134e-02  8.635510e-03  5.361582e+00  4.630000e-02  7.677495e-03  3.737000e+02  6.772654e-02  8.018419e-03  1.550657e-01  1.183176e-01  7.181084e-03  4.374492e-03  1.147305e-07  1.497135e-06  6.393146e-01  1.000000e+00  
3.004598e-02  8.634890e-03  5.361967e+00  4.630000e-02  7.683954e-03  3.737000e+02  6.774567e-02  8.013411e-03  1.550835e-01  1.182631e-01  7.178406e-03  4.376131e-03  1.146413e-07  1.497078e-06  6.393382e-01  1.000000e+00  
3.006726e-02  8.634509e-03  5.362204e+00  4.630000e-02  7.687924e-03  3.737000e+02  6.775705e-02  8.010426e-03  1.550947e-01  1.182301e-01  7.176645e-03  4.376740e-03  1.145891e-07  1.497060e-06  6.393527e-01  1.000000e+00  
3.008855e-02  8.634128e-03  5.362441e+00  4.630000e-02  7.691893e-03  3.737000e+02  6.776819e-02  8.007487e-03  1.551062e-01  1.181974e-01  7.174784e-03  4.377197e-03  1.145366e-07  1.497039e-06  6.393672e-01  1.000000e+00  
3.010983e-02  8.633746e-03  5.362678e+00  4.630000e-02  7.695862e-03  3.737000e+02  6.777914e-02  8.004575e-03  1.551177e-01  1.181649e-01  7.172826e-03  4.377593e-03  1.144849e-07  1.497006e-06  6.393817e-01  1.000000e+00  
3.013112e-02  8.633365e-03  5.362915e+00  4.630000e-02  7.699831e-03  3.737000e+02  6.778993e-02  8.001679e-03  1.551293e-01  1.181326e-01  7.170784e-03  4.377965e-03  1.144334e-07  1.496959e-06  6.393961e-01  1.000000e+00  
3.015240e-02  8.632983e-03  5.363152e+00  4.630000e-02  7.703800e-03  3.737000e+02  6.780057e-02  7.998792e-03  1.551409e-01  1.181005e-01  7.168669e-03  4.378325e-03  1.143819e-07  1.496898e-06  6.394106e-01  1.000000e+00  
3.017369e-02  8.632601e-03  5.363389e+00  4.630000e-02  7.707769e-03  3.737000e+02  6.781107e-02  7.995910e-03  1.551526e-01  1.180686e-01  7.166494e-03  4.378678e-03  1.143306e-07  1.496823e-06  6.394250e-01  1.000000e+00  
3.021083e-02  8.631934e-03  5.363803e+00  4.630000e-02  7.714695e-03  3.737000e+02  6.782911e-02  7.990882e-03  1.551732e-01  1.180131e-01  7.162580e-03  4.379279e-03  1.142409e-07  1.496663e-06  6.394502e-01  1.000000e+00  
3.027562e-02  8.630771e-03  5.364526e+00  4.630000e-02  7.726772e-03  3.737000e+02  6.785981e-02  7.982090e-03  1.552094e-01  1.179173e-01  7.155483e-03  4.380302e-03  1.140843e-07  1.496308e-06  6.394940e-01  1.000000e+00  
3.034040e-02  8.629607e-03  5.365250e+00  4.630000e-02  7.738848e-03  3.737000e+02  6.788968e-02  7.973227e-03  1.552459e-01  1.178224e-01  7.148178e-03  4.381318e-03  1.139266e-07  1.495873e-06  6.395377e-01  1.000000e+00  
3.040519e-02  8.628441e-03  5.365975e+00  4.630000e-02  7.750922e-03  3.737000e+02  6.791889e-02  7.964272e-03  1.552827e-01  1.177282e-01  7.140762e-03  4.382338e-03  1.137677e-07  1.495378e-06  6.395813e-01  1.000000e+00  
3.046997e-02  8.627275e-03  5.366700e+00  4.630000e-02  7.762994e-03  3.737000e+02  6.794752e-02  7.955220e-03  1.553196e-01  1.176346e-01  7.133290e-03  4.383361e-03  1.136075e-07  1.494838e-06  6.396248e-01  1.000000e+00  
3.053476e-02  8.626107e-03  5.367427e+00  4.630000e-02  7.775065e-03  3.737000e+02  6.797566e-02  7.946078e-03  1.553568e-01  1.175415e-01  7.125791e-03  4.384389e-03  1.134461e-07  1.494263e-06  6.396682e-01  1.000000e+00  
3.059954e-02  8.624939e-03  5.368154e+00  4.630000e-02  7.787134e-03  3.737000e+02  6.800336e-02  7.936853e-03  1.553941e-01  1.174490e-01  7.118283e-03  4.385422e-03  1.132837e-07  1.493663e-06  6.397114e-01  1.000000e+00  
3.070920e-02  8.622959e-03  5.369386e+00  4.630000e-02  7.807560e-03  3.737000e+02  6.804940e-02  7.921075e-03  1.554574e-01  1.172933e-01  7.105582e-03  4.387183e-03  1.130066e-07  1.492604e-06  6.397844e-01  1.000000e+00  
3.081886e-02  8.620976e-03  5.370621e+00  4.630000e-02  7.827981e-03  3.737000e+02  6.809454e-02  7.905130e-03  1.555210e-01  1.171388e-01  7.092918e-03  4.388962e-03  1.127276e-07  1.491509e-06  6.398571e-01  1.000000e+00  
3.103217e-02  8.617112e-03  5.373030e+00  4.630000e-02  7.867690e-03  3.737000e+02  6.818030e-02  7.873779e-03  1.556448e-01  1.168410e-01  7.068439e-03  4.392463e-03  1.121809e-07  1.489317e-06  6.399976e-01  1.000000e+00  
3.124548e-02  8.613237e-03  5.375447e+00  4.630000e-02  7.907381e-03  3.737000e+02  6.826407e-02  7.842192e-03  1.557685e-01  1.165464e-01  7.044202e-03  4.396014e-03  1.116318e-07  1.487083e-06  6.401370e-01  1.000000e+00  
3.145879e-02  8.609353e-03  5.377872e+00  4.630000e-02  7.947054e-03  3.737000e+02  6.834644e-02  7.810553e-03  1.558917e-01  1.162547e-01  7.020217e-03  4.399606e-03  1.110829e-07  1.484825e-06  6.402753e-01  1.000000e+00  
3.167210e-02  8.605459e-03  5.380306e+00  4.630000e-02  7.986710e-03  3.737000e+02  6.842776e-02  7.778983e-03  1.560141e-01  1.159654e-01  6.996475e-03  4.403233e-03  1.105355e-07  1.482544e-06  6.404124e-01  1.000000e+00  
3.204871e-02  8.598560e-03  5.384622e+00  4.630000e-02  8.056678e-03  3.737000e+02  6.856948e-02  7.723638e-03  1.562281e-01  1.154604e-01  6.955142e-03  4.409713e-03  1.095760e-07  1.478457e-06  6.406519e-01  1.000000e+00  
3.242531e-02  8.591634e-03  5.388964e+00  4.630000e-02  8.126590e-03  3.737000e+02  6.870940e-02  7.668963e-03  1.564390e-01  1.149622e-01  6.914544e-03  4.416281e-03  1.086273e-07  1.474285e-06  6.408881e-01  1.000000e+00  
3.280191e-02  8.584679e-03  5.393329e+00  4.630000e-02  8.196446e-03  3.737000e+02  6.884788e-02  7.615045e-03  1.566466e-01  1.144704e-01  6.874670e-03  4.422934e-03  1.076904e-07  1.470026e-06  6.411209e-01  1.000000e+00  
3.317851e-02  8.577698e-03  5.397719e+00  4.630000e-02  8.266245e-03  3.737000e+02  6.898515e-02  7.561940e-03  1.568508e-01  1.139848e-01  6.835512e-03  4.429666e-03  1.067661e-07  1.465687e-06  6.413506e-01  1.000000e+00  
3.355512e-02  8.570691e-03  5.402132e+00  4.630000e-02  8.335988e-03  3.737000e+02  6.912138e-02  7.509686e-03  1.570517e-01  1.135051e-01  6.797054e-03  4.436474e-03  1.058548e-07  1.461274e-06  6.415771e-01  1.000000e+00  
3.393172e-02  8.563658e-03  5.406568e+00  4.630000e-02  8.405673e-03  3.737000e+02  6.925669e-02  7.458294e-03  1.572492e-01  1.130311e-01  6.759282e-03  4.443357e-03  1.049567e-07  1.456783e-06  6.418005e-01  1.000000e+00  
3.450247e-02  8.552955e-03  5.413334e+00  4.630000e-02  8.511173e-03  3.737000e+02  6.946003e-02  7.382029e-03  1.575422e-01  1.123236e-01  6.703309e-03  4.453932e-03  1.036204e-07  1.449829e-06  6.421333e-01  1.000000e+00  
3.507323e-02  8.542200e-03  5.420149e+00  4.630000e-02  8.616542e-03  3.737000e+02  6.966133e-02  7.307658e-03  1.578279e-01  1.116288e-01  6.648824e-03  4.464676e-03  1.023130e-07  1.442693e-06  6.424593e-01  1.000000e+00  
3.564398e-02  8.531395e-03  5.427014e+00  4.630000e-02  8.721778e-03  3.737000e+02  6.986058e-02  7.235116e-03  1.581064e-01  1.109464e-01  6.595781e-03  4.475589e-03  1.010337e-07  1.435380e-06  6.427787e-01  1.000000e+00  
3.678009e-02  8.509749e-03  5.440819e+00  4.630000e-02  8.930856e-03  3.737000e+02  7.025130e-02  7.095970e-03  1.586402e-01  1.096234e-01  6.494308e-03  4.497806e-03  9.856787e-08  1.420307e-06  6.433955e-01  1.000000e+00  
3.791620e-02  8.487936e-03  5.454801e+00  4.630000e-02  9.139402e-03  3.737000e+02  7.063438e-02  6.963471e-03  1.591480e-01  1.083457e-01  6.398030e-03  4.520675e-03  9.620472e-08  1.404566e-06  6.439883e-01  1.000000e+00  
3.905232e-02  8.465974e-03  5.468951e+00  4.630000e-02  9.347410e-03  3.737000e+02  7.101005e-02  6.837227e-03  1.596313e-01  1.071110e-01  6.306627e-03  4.544183e-03  9.393824e-08  1.388181e-06  6.445582e-01  1.000000e+00  
4.018843e-02  8.443882e-03  5.483260e+00  4.630000e-02  9.554878e-03  3.737000e+02  7.137852e-02  6.716876e-03  1.600913e-01  1.059171e-01  6.219806e-03  4.568319e-03  9.176317e-08  1.371178e-06  6.451065e-01  1.000000e+00  
4.132454e-02  8.421675e-03  5.497719e+00  4.630000e-02  9.761803e-03  3.737000e+02  7.173999e-02  6.602074e-03  1.605296e-01  1.047622e-01  6.137295e-03  4.593072e-03  8.967477e-08  1.353585e-06  6.456343e-01  1.000000e+00  
4.246066e-02  8.399366e-03  5.512321e+00  4.630000e-02  9.968181e-03  3.737000e+02  7.209466e-02  6.492503e-03  1.609471e-01  1.036444e-01  6.058842e-03  4.618430e-03  8.766825e-08  1.335432e-06  6.461427e-01  1.000000e+00  
4.423700e-02  8.364317e-03  5.535419e+00  4.630000e-02  1.028976e-02  3.737000e+02  7.263605e-02  6.330976e-03  1.615610e-01  1.019668e-01  5.943760e-03  4.659266e-03  8.468427e-08  1.306009e-06  6.469008e-01  1.000000e+00  
4.601335e-02  8.329103e-03  5.558822e+00  4.630000e-02  1.060999e-02  3.737000e+02  7.316199e-02  6.180473e-03  1.621311e-01  1.003694e-01  5.837215e-03  4.701504e-03  8.187370e-08  1.275429e-06  6.476170e-01  1.000000e+00  
4.778970e-02  8.293766e-03  5.582506e+00  4.630000e-02  1.092887e-02  3.737000e+02  7.367322e-02  6.040076e-03  1.626607e-01  9.884645e-02  5.738454e-03  4.745114e-03  7.922345e-08  1.243847e-06  6.482947e-01  1.000000e+00  
4.956605e-02  8.258345e-03  5.606450e+00  4.630000e-02  1.124639e-02  3.737000e+02  7.417028e-02  5.908896e-03  1.631532e-01  9.739299e-02  5.646850e-03  4.790035e-03  7.671971e-08  1.211380e-06  6.489365e-01  1.000000e+00  
5.134240e-02  8.222873e-03  5.630635e+00  4.630000e-02  1.156255e-02  3.737000e+02  7.465387e-02  5.786221e-03  1.636113e-01  9.600429e-02  5.561780e-03  4.836247e-03  7.435089e-08  1.178216e-06  6.495450e-01  1.000000e+00  
5.311875e-02  8.187380e-03  5.655044e+00  4.630000e-02  1.187735e-02  3.737000e+02  7.512455e-02  5.671340e-03  1.640378e-01  9.467608e-02  5.482745e-03  4.883688e-03  7.210670e-08  1.144479e-06  6.501226e-01  1.000000e+00  
5.489510e-02  8.151894e-03  5.679661e+00  4.630000e-02  1.219078e-02  3.737000e+02  7.558299e-02  5.563709e-03  1.644348e-01  9.340437e-02  5.409180e-03  4.932368e-03  6.998142e-08  1.110445e-06  6.506714e-01  1.000000e+00  
5.667145e-02  8.116439e-03  5.704472e+00  4.630000e-02  1.250286e-02  3.737000e+02  7.602955e-02  5.462653e-03  1.648047e-01  9.218562e-02  5.340770e-03  4.982173e-03  6.796237e-08  1.076114e-06  6.511934e-01  1.000000e+00  
5.844780e-02  8.081036e-03  5.729463e+00  4.630000e-02  1.281358e-02  3.737000e+02  7.646465e-02  5.367625e-03  1.651496e-01  9.101658e-02  5.277101e-03  5.033093e-03  6.604002e-08  1.041486e-06  6.516903e-01  1.000000e+00  
5.920218e-02  8.066022e-03  5.740128e+00  4.630000e-02  1.294512e-02  3.737000e+02  7.664613e-02  5.329018e-03  1.652888e-01  9.053439e-02  5.251365e-03  5.055072e-03  6.525370e-08  1.026867e-06  6.518941e-01  1.000000e+00  
5.995655e-02  8.051022e-03  5.750822e+00  4.630000e-02  1.307642e-02  3.737000e+02  7.682573e-02  5.291407e-03  1.654239e-01  9.006034e-02  5.226392e-03  5.077233e-03  6.448337e-08  1.012289e-06  6.520939e-01  1.000000e+00  
6.000849e-02  8.050129e-03  5.751460e+00  4.630000e-02  1.308545e-02  3.737000e+02  7.683790e-02  5.288868e-03  1.654332e-01  9.002813e-02  5.224690e-03  5.078618e-03  6.443359e-08  1.011301e-06  6.521075e-01  1.000000e+00  
6.006044e-02  8.049950e-03  5.751589e+00  4.630000e-02  1.309448e-02  3.737000e+02  7.684925e-02  5.286434e-03  1.654433e-01  8.999687e-02  5.222888e-03  5.079086e-03  6.439847e-08  1.010451e-06  6.521211e-01  1.000000e+00  
6.009407e-02  8.049834e-03  5.751672e+00  4.630000e-02  1.310033e-02  3.737000e+02  7.685599e-02  5.284927e-03  1.654504e-01  8.997732e-02  5.221593e-03  5.078832e-03  6.437794e-08  1.009993e-06  6.521299e-01  1.000000e+00  
6.012771e-02  8.049717e-03  5.751755e+00  4.630000e-02  1.310618e-02  3.737000e+02  7.686241e-02  5.283438e-03  1.654577e-01  8.995810e-02  5.220168e-03  5.078478e-03  6.435693e-08  1.009565e-06  6.521387e-01  1.000000e+00  
6.016135e-02  8.049601e-03  5.751838e+00  4.630000e-02  1.311203e-02  3.737000e+02  7.686865e-02  5.281945e-03  1.654650e-01  8.993907e-02  5.218638e-03  5.078164e-03  6.433630e-08  1.009145e-06  6.521475e-01  1.000000e+00  
6.019499e-02  8.049485e-03  5.751921e+00  4.630000e-02  1.311788e-02  3.737000e+02  7.687473e-02  5.280441e-03  1.654724e-01  8.992019e-02  5.217043e-03  5.077868e-03  6.431566e-08  1.008732e-06  6.521562e-01  1.000000e+00  
6.022862e-02  8.049368e-03  5.752004e+00  4.630000e-02  1.312372e-02  3.737000e+02  7.688067e-02  5.278926e-03  1.654799e-01  8.990145e-02  5.215408e-03  5.077547e-03  6.429487e-08  1.008327e-06  6.521650e-01  1.000000e+00  
6.026226e-02  8.049252e-03  5.752088e+00  4.630000e-02  1.312957e-02  3.737000e+02  7.688647e-02  5.277399e-03  1.654875e-01  8.988284e-02  5.213740e-03  5.077199e-03  6.427402e-08  1.007930e-06  6.521738e-01  1.000000e+00  
6.029590e-02  8.049135e-03  5.752171e+00  4.630000e-02  1.313542e-02  3.737000e+02  7.689216e-02  5.275856e-03  1.654951e-01  8.986433e-02  5.212045e-03  5.076849e-03  6.425304e-08  1.007537e-06  6.521826e-01  1.000000e+00  
6.032954e-02  8.049018e-03  5.752254e+00  4.630000e-02  1.314127e-02  3.737000e+02  7.689776e-02  5.274297e-03  1.655028e-01  8.984591e-02  5.210327e-03  5.076505e-03  6.423189e-08  1.007147e-06  6.521913e-01  1.000000e+00  
6.036317e-02  8.048902e-03  5.752338e+00  4.630000e-02  1.314711e-02  3.737000e+02  7.690327e-02  5.272720e-03  1.655105e-01  8.982755e-02  5.208595e-03  5.076166e-03  6.421057e-08  1.006759e-06  6.522001e-01  1.000000e+00  
6.043357e-02  8.048657e-03  5.752512e+00  4.630000e-02  1.315935e-02  3.737000e+02  7.691457e-02  5.269366e-03  1.655268e-01  8.978934e-02  5.204943e-03  5.075464e-03  6.416539e-08  1.005950e-06  6.522184e-01  1.000000e+00  
6.050398e-02  8.048413e-03  5.752687e+00  4.630000e-02  1.317159e-02  3.737000e+02  7.692560e-02  5.265942e-03  1.655433e-01  8.975135e-02  5.201275e-03  5.074760e-03  6.411951e-08  1.005148e-06  6.522367e-01  1.000000e+00  
6.057438e-02  8.048168e-03  5.752862e+00  4.630000e-02  1.318383e-02  3.737000e+02  7.693640e-02  5.262458e-03  1.655599e-01  8.971356e-02  5.197603e-03  5.074047e-03  6.407300e-08  1.004351e-06  6.522550e-01  1.000000e+00  
6.064478e-02  8.047923e-03  5.753037e+00  4.630000e-02  1.319607e-02  3.737000e+02  7.694701e-02  5.258920e-03  1.655765e-01  8.967592e-02  5.193927e-03  5.073340e-03  6.402592e-08  1.003557e-06  6.522733e-01  1.000000e+00  
6.071518e-02  8.047678e-03  5.753212e+00  4.630000e-02  1.320830e-02  3.737000e+02  7.695746e-02  5.255334e-03  1.655933e-01  8.963843e-02  5.190252e-03  5.072645e-03  6.397833e-08  1.002765e-06  6.522915e-01  1.000000e+00  
6.078559e-02  8.047433e-03  5.753388e+00  4.630000e-02  1.322054e-02  3.737000e+02  7.696777e-02  5.251707e-03  1.656101e-01  8.960106e-02  5.186581e-03  5.071959e-03  6.393031e-08  1.001974e-06  6.523097e-01  1.000000e+00  
6.091854e-02  8.046969e-03  5.753719e+00  4.630000e-02  1.324365e-02  3.737000e+02  7.698693e-02  5.244767e-03  1.656420e-01  8.953077e-02  5.179662e-03  5.070675e-03  6.383867e-08  1.000487e-06  6.523441e-01  1.000000e+00  
6.105149e-02  8.046504e-03  5.754052e+00  4.630000e-02  1.326676e-02  3.737000e+02  7.700576e-02  5.237736e-03  1.656741e-01  8.946080e-02  5.172763e-03  5.069400e-03  6.374607e-08  9.990062e-07  6.523784e-01  1.000000e+00  
6.118445e-02  8.046039e-03  5.754385e+00  4.630000e-02  1.328986e-02  3.737000e+02  7.702433e-02  5.230641e-03  1.657062e-01  8.939111e-02  5.165883e-03  5.068133e-03  6.365281e-08  9.975311e-07  6.524126e-01  1.000000e+00  
6.131740e-02  8.045572e-03  5.754718e+00  4.630000e-02  1.331297e-02  3.737000e+02  7.704270e-02  5.223499e-03  1.657384e-01  8.932167e-02  5.159021e-03  5.066876e-03  6.355908e-08  9.960601e-07  6.524468e-01  1.000000e+00  
6.157176e-02  8.044679e-03  5.755357e+00  4.630000e-02  1.335716e-02  3.737000e+02  7.707745e-02  5.209764e-03  1.657999e-01  8.918937e-02  5.145941e-03  5.064492e-03  6.337903e-08  9.932557e-07  6.525120e-01  1.000000e+00  
6.182611e-02  8.043782e-03  5.755999e+00  4.630000e-02  1.340135e-02  3.737000e+02  7.711184e-02  5.195987e-03  1.658614e-01  8.905770e-02  5.132926e-03  5.062129e-03  6.319860e-08  9.904619e-07  6.525769e-01  1.000000e+00  
6.208046e-02  8.042884e-03  5.756642e+00  4.630000e-02  1.344554e-02  3.737000e+02  7.714599e-02  5.182209e-03  1.659228e-01  8.892658e-02  5.119975e-03  5.059782e-03  6.301822e-08  9.876770e-07  6.526416e-01  1.000000e+00  
6.233481e-02  8.041982e-03  5.757287e+00  4.630000e-02  1.348972e-02  3.737000e+02  7.717996e-02  5.168454e-03  1.659839e-01  8.879597e-02  5.107085e-03  5.057448e-03  6.283816e-08  9.849003e-07  6.527061e-01  1.000000e+00  
6.258917e-02  8.041078e-03  5.757934e+00  4.630000e-02  1.353390e-02  3.737000e+02  7.721379e-02  5.154738e-03  1.660449e-01  8.866584e-02  5.094256e-03  5.055125e-03  6.265859e-08  9.821312e-07  6.527703e-01  1.000000e+00  
6.301109e-02  8.039573e-03  5.759012e+00  4.630000e-02  1.360717e-02  3.737000e+02  7.726971e-02  5.132098e-03  1.661454e-01  8.845096e-02  5.073106e-03  5.051294e-03  6.236205e-08  9.775531e-07  6.528764e-01  1.000000e+00  
6.368564e-02  8.037153e-03  5.760747e+00  4.630000e-02  1.372428e-02  3.737000e+02  7.735869e-02  5.096237e-03  1.663048e-01  8.810990e-02  5.039633e-03  5.045224e-03  6.189192e-08  9.702715e-07  6.530445e-01  1.000000e+00  
6.436019e-02  8.034715e-03  5.762495e+00  4.630000e-02  1.384136e-02  3.737000e+02  7.744719e-02  5.060787e-03  1.664623e-01  8.777182e-02  5.006572e-03  5.039219e-03  6.142668e-08  9.630359e-07  6.532111e-01  1.000000e+00  
6.503473e-02  8.032260e-03  5.764256e+00  4.630000e-02  1.395840e-02  3.737000e+02  7.753518e-02  5.025733e-03  1.666182e-01  8.743672e-02  4.973917e-03  5.033282e-03  6.096615e-08  9.558468e-07  6.533760e-01  1.000000e+00  
6.570928e-02  8.029788e-03  5.766030e+00  4.630000e-02  1.407540e-02  3.737000e+02  7.762270e-02  4.991081e-03  1.667723e-01  8.710453e-02  4.941660e-03  5.027408e-03  6.051040e-08  9.487039e-07  6.535393e-01  1.000000e+00  
6.638383e-02  8.027300e-03  5.767817e+00  4.630000e-02  1.419237e-02  3.737000e+02  7.770980e-02  4.956843e-03  1.669247e-01  8.677519e-02  4.909795e-03  5.021596e-03  6.005958e-08  9.416065e-07  6.537011e-01  1.000000e+00  
6.705837e-02  8.024796e-03  5.769617e+00  4.630000e-02  1.430930e-02  3.737000e+02  7.779648e-02  4.923013e-03  1.670753e-01  8.644866e-02  4.878317e-03  5.015848e-03  5.961362e-08  9.345544e-07  6.538613e-01  1.000000e+00  
6.773292e-02  8.022276e-03  5.771430e+00  4.630000e-02  1.442620e-02  3.737000e+02  7.788272e-02  4.889578e-03  1.672244e-01  8.612492e-02  4.847219e-03  5.010162e-03  5.917238e-08  9.275480e-07  6.540201e-01  1.000000e+00  
6.875241e-02  8.018437e-03  5.774193e+00  4.630000e-02  1.460280e-02  3.737000e+02  7.801224e-02  4.839779e-03  1.674465e-01  8.564086e-02  4.800928e-03  5.001687e-03  5.851431e-08  9.170458e-07  6.542571e-01  1.000000e+00  
6.977189e-02  8.014564e-03  5.776983e+00  4.630000e-02  1.477931e-02  3.737000e+02  7.814076e-02  4.790848e-03  1.676649e-01  8.516299e-02  4.755474e-03  4.993354e-03  5.786668e-08  9.066481e-07  6.544907e-01  1.000000e+00  
7.079138e-02  8.010656e-03  5.779801e+00  4.630000e-02  1.495575e-02  3.737000e+02  7.826831e-02  4.742769e-03  1.678797e-01  8.469121e-02  4.710838e-03  4.985162e-03  5.722934e-08  8.963547e-07  6.547210e-01  1.000000e+00  
7.327555e-02  8.000998e-03  5.786778e+00  4.630000e-02  1.538529e-02  3.737000e+02  7.857509e-02  4.629072e-03  1.683885e-01  8.356641e-02  4.605386e-03  4.965780e-03  5.571828e-08  8.717089e-07  6.552688e-01  1.000000e+00  
7.575972e-02  7.991155e-03  5.793906e+00  4.630000e-02  1.581431e-02  3.737000e+02  7.887629e-02  4.520083e-03  1.688773e-01  8.247558e-02  4.504429e-03  4.947210e-03  5.426466e-08  8.476786e-07  6.557982e-01  1.000000e+00  
7.824388e-02  7.981138e-03  5.801178e+00  4.630000e-02  1.624280e-02  3.737000e+02  7.917202e-02  4.415564e-03  1.693471e-01  8.141728e-02  4.407725e-03  4.929433e-03  5.286602e-08  8.242594e-07  6.563100e-01  1.000000e+00  
8.072805e-02  7.970958e-03  5.808587e+00  4.630000e-02  1.667074e-02  3.737000e+02  7.946243e-02  4.315294e-03  1.697988e-01  8.039014e-02  4.315051e-03  4.912432e-03  5.151997e-08  8.014458e-07  6.568050e-01  1.000000e+00  
8.321222e-02  7.960625e-03  5.816126e+00  4.630000e-02  1.709814e-02  3.737000e+02  7.974762e-02  4.219066e-03  1.702332e-01  7.939289e-02  4.226195e-03  4.896190e-03  5.022428e-08  7.792313e-07  6.572840e-01  1.000000e+00  
8.569639e-02  7.950148e-03  5.823791e+00  4.630000e-02  1.752497e-02  3.737000e+02  8.002772e-02  4.126681e-03  1.706513e-01  7.842430e-02  4.140960e-03  4.880690e-03  4.897677e-08  7.576080e-07  6.577476e-01  1.000000e+00  
8.975666e-02  7.932737e-03  5.836573e+00  4.630000e-02  1.822140e-02  3.737000e+02  8.047488e-02  3.983476e-03  1.713011e-01  7.689994e-02  4.008968e-03  4.856910e-03  4.703623e-08  7.235182e-07  6.584740e-01  1.000000e+00  
9.381692e-02  7.915002e-03  5.849651e+00  4.630000e-02  1.891629e-02  3.737000e+02  8.090924e-02  3.849282e-03  1.719121e-01  7.544437e-02  3.885417e-03  4.834989e-03  4.521038e-08  6.909425e-07  6.591639e-01  1.000000e+00  
9.787719e-02  7.896975e-03  5.863005e+00  4.630000e-02  1.960960e-02  3.737000e+02  8.133128e-02  3.723413e-03  1.724872e-01  7.405321e-02  3.769618e-03  4.814862e-03  4.349142e-08  6.598508e-07  6.598197e-01  1.000000e+00  
9.889226e-02  7.892426e-03  5.866384e+00  4.630000e-02  1.978268e-02  3.737000e+02  8.143492e-02  3.693169e-03  1.726257e-01  7.371501e-02  3.741807e-03  4.810102e-03  4.307746e-08  6.522973e-07  6.599786e-01  1.000000e+00  
9.990733e-02  7.887862e-03  5.869778e+00  4.630000e-02  1.995566e-02  3.737000e+02  8.153781e-02  3.663394e-03  1.727621e-01  7.338054e-02  3.714434e-03  4.805448e-03  4.266959e-08  6.448337e-07  6.601356e-01  1.000000e+00  
9.993217e-02  7.887750e-03  5.869862e+00  4.630000e-02  1.995990e-02  3.737000e+02  8.154032e-02  3.662671e-03  1.727654e-01  7.337239e-02  3.713770e-03  4.805335e-03  4.265969e-08  6.446524e-07  6.601394e-01  1.000000e+00  
9.995702e-02  7.887638e-03  5.869945e+00  4.630000e-02  1.996413e-02  3.737000e+02  8.154283e-02  3.661948e-03  1.727687e-01  7.336426e-02  3.713105e-03  4.805223e-03  4.264978e-08  6.444710e-07  6.601432e-01  1.000000e+00  
9.996955e-02  7.887581e-03  5.869987e+00  4.630000e-02  1.996626e-02  3.737000e+02  8.154409e-02  3.661584e-03  1.727704e-01  7.336015e-02  3.712770e-03  4.805166e-03  4.264479e-08  6.443795e-07  6.601451e-01  1.000000e+00  
9.998209e-02  7.887525e-03  5.870029e+00  4.630000e-02  1.996840e-02  3.737000e+02  8.154536e-02  3.661219e-03  1.727721e-01  7.335605e-02  3.712435e-03  4.805109e-03  4.263979e-08  6.442880e-07  6.601471e-01  1.000000e+00  
9.998992e-02  7.887490e-03  5.870055e+00  4.630000e-02  1.996973e-02  3.737000e+02  8.154615e-02  3.660991e-03  1.727731e-01  7.335348e-02  3.712226e-03  4.805074e-03  4.263667e-08  6.442308e-07  6.601483e-01  1.000000e+00  
9.999776e-02  7.887454e-03  5.870082e+00  4.630000e-02  1.997107e-02  3.737000e+02  8.154694e-02  3.660764e-03  1.727742e-01  7.335091e-02  3.712017e-03  4.805038e-03  4.263355e-08  6.441736e-07  6.601495e-01  1.000000e+00  
9.999898e-02  7.887449e-03  5.870086e+00  4.630000e-02  1.997128e-02  3.737000e+02  8.154707e-02  3.660728e-03  1.727743e-01  7.335051e-02  3.711984e-03  4.805033e-03  4.263306e-08  6.441647e-07  6.601496e-01  1.000000e+00  
9.999929e-02  7.887447e-03  5.870087e+00  4.630000e-02  1.997133e-02  3.737000e+02  8.154710e-02  3.660719e-03  1.727744e-01  7.335041e-02  3.711976e-03  4.805031e-03  4.263294e-08  6.441625e-07  6.601497e-01  1.000000e+00  
9.999960e-02  7.887446e-03  5.870088e+00  4.630000e-02  1.997138e-02  3.737000e+02  8.154713e-02  3.660710e-03  1.727744e-01  7.335031e-02  3.711968e-03  4.805030e-03  4.263282e-08  6.441602e-07  6.601497e-01  1.000000e+00  
9.999979e-02  7.887445e-03  5.870088e+00  4.630000e-02  1.997142e-02  3.737000e+02  8.154715e-02  3.660705e-03  1.727744e-01  7.335025e-02  3.711962e-03  4.805029e-03  4.263274e-08  6.441589e-07  6.601498e-01  1.000000e+00  
9.999998e-02  7.887444e-03  5.870089e+00  4.630000e-02  1.997145e-02  3.737000e+02  8.154717e-02  3.660699e-03  1.727745e-01  7.335019e-02  3.711957e-03  4.805028e-03  4.263267e-08  6.441575e-07  6.601498e-01  1.000000e+00  
9.999999e-02  7.887444e-03  5.870089e+00  4.630000e-02  1.997145e-02  3.737000e+02  8.154717e-02  3.660699e-03  1.727745e-01  7.335019e-02  3.711957e-03  4.805028e-03  4.263267e-08  6.441574e-07  6.601498e-01  1.000000e+00  
9.999999e-02  7.887444e-03  5.870089e+00  4.630000e-02  1.997145e-02  3.737000e+02  8.154717e-02  3.660699e-03  1.727745e-01  7.335018e-02  3.711957e-03  4.805028e-03  4.263266e-08  6.441573e-07  6.601498e-01  1.000000e+00  
1.000000e-01  7.887444e-03  5.870089e+00  4.630000e-02  1.997145e-02  3.737000e+02  8.154717e-02  3.660699e-03  1.727745e-01  7.335018e-02  3.711957e-03  4.805028e-03  4.263266e-08  6.441573e-07  6.601498e-01  1.000000e+00  
1.000000e-01  7.887444e-03  5.870089e+00  4.630000e-02  1.997145e-02  3.737000e+02  8.154717e-02  3.660698e-03  1.727745e-01  7.335018e-02  3.711957e-03  4.805028e-03  4.263266e-08  6.441573e-07  6.601498e-01  1.000000e+00  
1.000000e-01  7.887444e-03  5.870089e+00  4.630000e-02  1.997145e-02  3.737000e+02  8.154717e-02  3.660698e-03  1.727745e-01  7.335018e-02  3.711957e-03  4.805028e-03  4.263266e-08  6.441573e-07  6.601498e-01  1.000000e+00  
1.000000e-01  7.887444e-03  5.870089e+00  4.630000e-02  1.997145e-02  3.737000e+02  8.154717e-02  3.660698e-03  1.727745e-01  7.335018e-02  3.711957e-03  4.805028e-03  4.263266e-08  6.441573e-07  6.601498e-01  1.000000e+00  
1.000000e-01  7.887444e-03  5.870089e+00  4.630000e-02  1.997145e-02  3.737000e+02  8.154717e-02  3.660698e-03  1.727745e-01  7.335018e-02  3.711957e-03  4.805028e-03  4.263266e-08  6.441573e-07  6.601498e-01  1.000000e+00  
1.000000e-01  7.887444e-03  5.870089e+00  4.630000e-02  1.997145e-02  3.737000e+02  8.154717e-02  3.660698e-03  1.727745e-01  7.335018e-02  3.711957e-03  4.805028e-03  4.263266e-08  6.441573e-07  6.601498e-01  1.000000e+00  
1.000000e-01  7.887444e-03  5.870089e+00  4.630000e-02  1.997145e-02  3.737000e+02  8.154717e-02  3.660698e-03  1.727745e-01  7.335018e-02  3.711957e-03  4.805028e-03  4.263266e-08  6.441573e-07  6.601498e-01  1.000000e+00  
1.000000e-01  7.887444e-03  5.870089e+00  4.630000e-02  1.997145e-02  3.737000e+02  8.154717e-02  3.660698e-03  1.727745e-01  7.335018e-02  3.711957e-03  4.805028e-03  4.263266e-08  6.441573e-07  6.601498e-01  1.000000e+00  
1.000000e-01  7.887444e-03  5.870089e+00  4.630000e-02  1.997145e-02  3.737000e+02  8.154717e-02  3.660698e-03  1.727745e-01  7.335018e-02  3.711957e-03  4.805028e-03  4.263266e-08  6.441573e-07  6.601498e-01  1.000000e+00  
1.000000e-01  7.887444e-03  5.870089e+00  4.630000e-02  1.997145e-02  3.737000e+02  8.154717e-02  3.660698e-03  1.727745e-01  7.335018e-02  3.711957e-03  4.805028e-03  4.263266e-08  6.441573e-07  6.601498e-01  1.000000e+00  
1.000000e-01  7.887444e-03  5.870089e+00  4.630000e-02  1.997145e-02  3.737000e+02  8.154717e-02  3.660698e-03  1.727745e-01  7.335018e-02  3.711957e-03  4.805028e-03  4.263266e-08  6.441573e-07  6.601498e-01  1.000000e+00  
1.000000e-01  7.887444e-03  5.870089e+00  4.630000e-02  1.997145e-02  3.737000e+02  8.154717e-02  3.660698e-03  1.727745e-01  7.335018e-02  3.711957e-03  4.805028e-03  4.263266e-08  6.441573e-07  6.601498e-01  1.000000e+00  
1.000000e-01  7.887444e-03  5.870089e+00  4.630000e-02  1.997145e-02  3.737000e+02  8.154717e-02  3.660698e-03  1.727745e-01  7.335018e-02  3.711957e-03  4.805028e-03  4.263266e-08  6.441573e-07  6.601498e-01  1.000000e+00  
1.000000e-01  7.887444e-03  5.870089e+00  4.630000e-02  1.997145e-02  3.737000e+02  8.154717e-02  3.660698e-03  1.727745e-01  7.335018e-02  3.711957e-03  4.805028e-03  4.263266e-08  6.441573e-07  6.601498e-01  1.000000e+00  
1.000000e-01  7.887444e-03  5.870089e+00  4.630000e-02  1.997145e-02  3.737000e+02  8.154717e-02  3.660698e-03  1.727745e-01  7.335018e-02  3.711957e-03  4.805028e-03  4.263266e-08  6.441573e-07  6.601498e-01  1.000000e+00  
1.000000e-01  7.887444e-03  5.870089e+00  4.630000e-02  1.997145e-02  3.737000e+02  8.154717e-02  3.660698e-03  1.727745e-01  7.335018e-02  3.711957e-03  4.805028e-03  4.263266e-08  6.441573e-07  6.601498e-01  1.000000e+00  
1.000000e-01  7.887444e-03  5.870089e+00  4.630000e-02  1.997145e-02  3.737000e+02  8.154717e-02  3.660698e-03  1.727745e-01  7.335018e-02  3.711957e-03  4.805028e-03  4.263266e-08  6.441573e-07  6.601498e-01  1.000000e+00  
1.000000e-01  7.887444e-03  5.870089e+00  4.630000e-02  1.997145e-02  3.737000e+02  8.154717e-02  3.660698e-03  1.727745e-01  7.335018e-02  3.711957e-03  4.805028e-03  4.263266e-08  6.441573e-07  6.601498e-01  1.000000e+00  
1.000000e-01  7.887444e-03  5.870089e+00  4.630000e-02  1.997145e-02  3.737000e+02  8.154717e-02  3.660698e-03  1.727745e-01  7.335018e-02  3.711957e-03  4.805028e-03  4.263266e-08  6.441573e-07  6.601498e-01  1.000000e+00  
1.000000e-01  7.887444e-03  5.870089e+00  4.630000e-02  1.997145e-02  3.737000e+02  8.154717e-02  3.660698e-03  1.727745e-01  7.335018e-02  3.711957e-03  4.805028e-03  4.263266e-08  6.441573e-07  6.601498e-01  1.000000e+00  
1.000000e-01  7.887444e-03  5.870089e+00  4.630000e-02  1.997145e-02  3.737000e+02  8.154717e-02  3.660698e-03  1.727745e-01  7.335018e-02  3.711957e-03  4.805028e-03  4.263266e-08  6.441573e-07  6.601498e-01  1.000000e+00  
