int_time      x             tau           rho           u             mdot          T             H2            O2            H2O           H             O             OH            HO2           H2O2          AR            sumfracs      
1.000000e+07  0.000000e+00  0.000000e+00  3.121554e-02  1.483236e+00  4.630000e-02  3.737000e+02  2.659566e-01  9.123551e-02  1.198007e-03  3.180369e-04  2.080280e-08  3.486990e-05  1.718237e-05  6.840114e-07  6.412391e-01  1.000000e+00  
1.000000e+07  5.000000e-05  3.329488e-05  3.083106e-02  1.501732e+00  4.630000e-02  3.784509e+02  2.657291e-01  9.123343e-02  1.265725e-03  3.217393e-04  2.167359e-08  3.635834e-05  1.832649e-05  7.298981e-07  6.413946e-01  1.000000e+00  
1.000000e+07  1.250000e-04  8.180545e-05  3.030074e-02  1.528016e+00  4.630000e-02  3.852107e+02  2.653719e-01  9.122943e-02  1.370279e-03  3.458400e-04  2.964044e-08  3.859682e-05  1.928789e-05  7.886298e-07  6.416239e-01  1.000000e+00  
1.000000e+07  1.750000e-04  1.132186e-04  2.995441e-02  1.545683e+00  4.630000e-02  3.897562e+02  2.651264e-01  9.122515e-02  1.444336e-03  3.672318e-04  3.733884e-08  4.014039e-05  1.975889e-05  8.267029e-07  6.417761e-01  1.000000e+00  
1.000000e+07  2.250000e-04  1.439294e-04  2.961748e-02  1.563266e+00  4.630000e-02  3.942824e+02  2.648753e-01  9.121985e-02  1.521135e-03  3.934769e-04  4.760295e-08  4.170352e-05  2.006439e-05  8.625315e-07  6.419276e-01  1.000000e+00  
1.000000e+07  2.750000e-04  1.739632e-04  2.928908e-02  1.580794e+00  4.630000e-02  3.987962e+02  2.646188e-01  9.121350e-02  1.600718e-03  4.242982e-04  6.093670e-08  4.327988e-05  2.022417e-05  8.961068e-07  6.420782e-01  1.000000e+00  
1.000000e+07  3.250000e-04  2.033431e-04  2.896857e-02  1.598284e+00  4.630000e-02  4.033023e+02  2.643571e-01  9.120608e-02  1.683131e-03  4.595101e-04  7.803978e-08  4.486169e-05  2.025596e-05  9.274391e-07  6.422281e-01  1.000000e+00  
1.000000e+07  3.750000e-04  2.320907e-04  2.865546e-02  1.615748e+00  4.630000e-02  4.078035e+02  2.640901e-01  9.119755e-02  1.768423e-03  4.989890e-04  9.980761e-08  4.644008e-05  2.017610e-05  9.565558e-07  6.423773e-01  1.000000e+00  
1.000000e+07  4.250000e-04  2.602267e-04  2.834941e-02  1.633191e+00  4.630000e-02  4.123012e+02  2.638180e-01  9.118788e-02  1.856643e-03  5.426536e-04  1.273476e-07  4.800544e-05  1.999989e-05  9.834991e-07  6.425257e-01  1.000000e+00  
1.000000e+07  4.750000e-04  2.877714e-04  2.805014e-02  1.650616e+00  4.630000e-02  4.167960e+02  2.635407e-01  9.117704e-02  1.947840e-03  5.904521e-04  1.620040e-07  4.954783e-05  1.974170e-05  1.008324e-06  6.426735e-01  1.000000e+00  
1.000000e+07  5.250000e-04  3.147440e-04  2.775743e-02  1.668022e+00  4.630000e-02  4.212878e+02  2.632583e-01  9.116501e-02  2.042062e-03  6.423527e-04  2.053869e-07  5.105717e-05  1.941507e-05  1.031095e-06  6.428206e-01  1.000000e+00  
1.000000e+07  5.750000e-04  3.411634e-04  2.747107e-02  1.685410e+00  4.630000e-02  4.257766e+02  2.629707e-01  9.115175e-02  2.139360e-03  6.983311e-04  2.594046e-07  5.252358e-05  1.903268e-05  1.051885e-06  6.429670e-01  1.000000e+00  
1.000000e+07  6.100000e-04  3.593350e-04  2.727411e-02  1.697580e+00  4.630000e-02  4.289197e+02  2.627656e-01  9.114158e-02  2.209753e-03  7.404064e-04  3.062847e-07  5.351459e-05  1.873389e-05  1.065119e-06  6.430690e-01  1.000000e+00  
1.000000e+07  6.300000e-04  3.695896e-04  2.716190e-02  1.704594e+00  4.630000e-02  4.307310e+02  2.626472e-01  9.113533e-02  2.251036e-03  7.651470e-04  3.357485e-07  5.407726e-05  1.855428e-05  1.072509e-06  6.431273e-01  1.000000e+00  
1.000000e+07  6.600000e-04  3.848170e-04  2.699550e-02  1.715101e+00  4.630000e-02  4.334453e+02  2.624684e-01  9.112565e-02  2.313692e-03  8.032029e-04  3.837874e-07  5.490574e-05  1.827707e-05  1.083146e-06  6.432144e-01  1.000000e+00  
1.000000e+07  6.900000e-04  3.998739e-04  2.683212e-02  1.725544e+00  4.630000e-02  4.361439e+02  2.622874e-01  9.111555e-02  2.377418e-03  8.431808e-04  4.400678e-07  5.569747e-05  1.798985e-05  1.092828e-06  6.433013e-01  1.000000e+00  
1.000000e+07  7.100000e-04  4.098021e-04  2.672371e-02  1.732544e+00  4.630000e-02  4.379528e+02  2.621656e-01  9.110845e-02  2.420811e-03  8.705149e-04  4.810373e-07  5.621751e-05  1.779278e-05  1.099077e-06  6.433590e-01  1.000000e+00  
1.000000e+07  7.300000e-04  4.196513e-04  2.661624e-02  1.739539e+00  4.630000e-02  4.397610e+02  2.620430e-01  9.110111e-02  2.464743e-03  8.984958e-04  5.254339e-07  5.672578e-05  1.759280e-05  1.105056e-06  6.434167e-01  1.000000e+00  
1.000000e+07  7.500000e-04  4.294226e-04  2.650969e-02  1.746531e+00  4.630000e-02  4.415685e+02  2.619196e-01  9.109356e-02  2.509218e-03  9.271226e-04  5.734983e-07  5.722191e-05  1.739044e-05  1.110771e-06  6.434742e-01  1.000000e+00  
1.000000e+07  7.700000e-04  4.391168e-04  2.640404e-02  1.753520e+00  4.630000e-02  4.433754e+02  2.617954e-01  9.108577e-02  2.554238e-03  9.563947e-04  6.254842e-07  5.770554e-05  1.718619e-05  1.116226e-06  6.435316e-01  1.000000e+00  
1.000000e+07  7.900000e-04  4.487351e-04  2.629928e-02  1.760504e+00  4.630000e-02  4.451815e+02  2.616703e-01  9.107776e-02  2.599808e-03  9.863113e-04  6.816585e-07  5.817634e-05  1.698054e-05  1.121428e-06  6.435888e-01  1.000000e+00  
1.000000e+07  8.100000e-04  4.582784e-04  2.619542e-02  1.767485e+00  4.630000e-02  4.469869e+02  2.615444e-01  9.106951e-02  2.645931e-03  1.016871e-03  7.423016e-07  5.863401e-05  1.677393e-05  1.126382e-06  6.436460e-01  1.000000e+00  
1.000000e+07  8.300000e-04  4.677477e-04  2.609243e-02  1.774461e+00  4.630000e-02  4.487915e+02  2.614177e-01  9.106103e-02  2.692610e-03  1.048074e-03  8.077074e-07  5.907827e-05  1.656678e-05  1.131095e-06  6.437030e-01  1.000000e+00  
1.000000e+07  8.500000e-04  4.771439e-04  2.599031e-02  1.781433e+00  4.630000e-02  4.505953e+02  2.612902e-01  9.105232e-02  2.739846e-03  1.079918e-03  8.781841e-07  5.950886e-05  1.635948e-05  1.135570e-06  6.437599e-01  1.000000e+00  
1.000000e+07  8.700000e-04  4.864680e-04  2.588905e-02  1.788401e+00  4.630000e-02  4.523984e+02  2.611618e-01  9.104337e-02  2.787643e-03  1.112402e-03  9.540543e-07  5.992556e-05  1.615241e-05  1.139815e-06  6.438166e-01  1.000000e+00  
1.000000e+07  8.900000e-04  4.957210e-04  2.578863e-02  1.795365e+00  4.630000e-02  4.542006e+02  2.610326e-01  9.103417e-02  2.836005e-03  1.145526e-03  1.035655e-06  6.032816e-05  1.594591e-05  1.143834e-06  6.438732e-01  1.000000e+00  
1.000000e+07  9.250000e-04  5.117478e-04  2.561505e-02  1.807531e+00  4.630000e-02  4.573498e+02  2.608053e-01  9.101768e-02  2.921522e-03  1.204546e-03  1.188943e-06  6.100699e-05  1.558647e-05  1.150475e-06  6.439720e-01  1.000000e+00  
1.000000e+07  9.750000e-04  5.343242e-04  2.537355e-02  1.824735e+00  4.630000e-02  4.618053e+02  2.604765e-01  9.099328e-02  3.045666e-03  1.292665e-03  1.447145e-06  6.187757e-05  1.508989e-05  1.158515e-06  6.441123e-01  1.000000e+00  
1.000000e+07  1.250000e-03  6.517865e-04  2.414217e-02  1.917806e+00  4.630000e-02  4.859432e+02  2.586665e-01  9.085333e-02  3.734931e-03  1.791070e-03  3.103098e-06  6.609180e-05  1.247178e-05  1.195411e-06  6.448713e-01  1.000000e+00  
1.000000e+07  1.750000e-03  8.469816e-04  2.240871e-02  2.066161e+00  4.630000e-02  5.246318e+02  2.550620e-01  9.056156e-02  5.079889e-03  3.021961e-03  1.101076e-05  7.012872e-05  9.472411e-06  1.182864e-06  6.461828e-01  1.000000e+00  
1.000000e+07  2.250000e-03  1.018582e-03  2.096016e-02  2.208953e+00  4.630000e-02  5.620453e+02  2.509694e-01  9.014776e-02  6.722915e-03  4.603441e-03  2.922591e-05  7.221389e-05  7.443228e-06  1.128422e-06  6.474464e-01  1.000000e+00  
1.000000e+07  2.750000e-03  1.172185e-03  1.973533e-02  2.346046e+00  4.630000e-02  5.981336e+02  2.463774e-01  8.958308e-02  8.716175e-03  6.522545e-03  6.324346e-05  7.426677e-05  6.037370e-06  1.047613e-06  6.486562e-01  1.000000e+00  
1.000000e+07  3.250000e-03  1.311601e-03  1.868526e-02  2.477889e+00  4.630000e-02  6.329927e+02  2.412743e-01  8.882925e-02  1.112592e-02  8.763515e-03  1.183346e-04  7.826638e-05  5.024866e-06  9.505387e-07  6.498045e-01  1.000000e+00  
1.000000e+07  3.750000e-03  1.439459e-03  1.777252e-02  2.605146e+00  4.630000e-02  6.667709e+02  2.356483e-01  8.783944e-02  1.403037e-02  1.131048e-02  1.992746e-04  8.617383e-05  4.270582e-06  8.449772e-07  6.508808e-01  1.000000e+00  
1.000000e+07  4.250000e-03  1.557633e-03  1.696904e-02  2.728499e+00  4.630000e-02  6.996160e+02  2.294904e-01  8.655990e-02  1.751515e-02  1.414697e-02  3.101855e-04  9.998396e-05  3.692336e-06  7.375296e-07  6.518729e-01  1.000000e+00  
1.000000e+07  4.750000e-03  1.667520e-03  1.625393e-02  2.848542e+00  4.630000e-02  7.316515e+02  2.227988e-01  8.493395e-02  2.166275e-02  1.725309e-02  4.543331e-04  1.217204e-04  3.237579e-06  6.338987e-07  6.527715e-01  1.000000e+00  
1.000000e+07  5.250000e-03  1.770200e-03  1.561148e-02  2.965767e+00  4.630000e-02  7.629739e+02  2.155841e-01  8.290776e-02  2.654337e-02  2.060379e-02  6.337273e-04  1.533425e-04  2.871095e-06  5.388166e-07  6.535705e-01  1.000000e+00  
1.000000e+07  5.750000e-03  1.866547e-03  1.502976e-02  3.080555e+00  4.630000e-02  7.936500e+02  2.078731e-01  8.043606e-02  3.220861e-02  2.416851e-02  8.486653e-04  1.965785e-04  2.568369e-06  4.558014e-07  6.542654e-01  1.000000e+00  
1.000000e+07  6.250000e-03  1.957312e-03  1.449977e-02  3.193155e+00  4.630000e-02  8.237128e+02  1.997123e-01  7.748800e-02  3.868133e-02  2.790982e-02  1.097297e-03  2.527069e-04  2.311778e-06  3.869742e-07  6.548558e-01  1.000000e+00  
1.000000e+07  6.750000e-03  2.043191e-03  1.401478e-02  3.303655e+00  4.630000e-02  8.531589e+02  1.911704e-01  7.405313e-02  4.594687e-02  3.178273e-02  1.375197e-03  3.223106e-04  2.088413e-06  3.330542e-07  6.553469e-01  1.000000e+00  
1.000000e+07  7.250000e-03  2.124854e-03  1.356975e-02  3.412000e+00  4.630000e-02  8.819546e+02  1.823392e-01  7.014585e-02  5.394717e-02  3.573450e-02  1.675105e-03  4.050654e-04  1.888766e-06  2.934981e-07  6.557509e-01  1.000000e+00  
1.000000e+07  7.750000e-03  2.202938e-03  1.316078e-02  3.518030e+00  4.630000e-02  9.100459e+02  1.733308e-01  6.580594e-02  6.258380e-02  3.970710e-02  1.986955e-03  4.996296e-04  1.705971e-06  2.667530e-07  6.560839e-01  1.000000e+00  
1.000000e+07  8.250000e-03  2.278051e-03  1.278470e-02  3.621516e+00  4.630000e-02  9.373672e+02  1.642709e-01  6.109530e-02  7.172612e-02  4.364059e-02  2.298186e-03  6.036625e-04  1.535293e-06  2.505971e-07  6.563635e-01  1.000000e+00  
1.000000e+07  8.750000e-03  2.350757e-03  1.243886e-02  3.722205e+00  4.630000e-02  9.638527e+02  1.552911e-01  5.609205e-02  8.122190e-02  4.747605e-02  2.594312e-03  7.139769e-04  1.373680e-06  2.425149e-07  6.566090e-01  1.000000e+00  
1.000000e+07  9.250000e-03  2.421547e-03  1.212082e-02  3.819873e+00  4.630000e-02  9.894493e+02  1.465204e-01  5.088162e-02  9.091089e-02  5.115894e-02  2.859712e-03  8.268521e-04  1.219340e-06  2.400474e-07  6.568401e-01  1.000000e+00  
1.000000e+07  9.750000e-03  2.490826e-03  1.182823e-02  3.914364e+00  4.630000e-02  1.014125e+03  1.380759e-01  4.554542e-02  1.006401e-01  5.464212e-02  3.078526e-03  9.386696e-04  1.071327e-06  2.410950e-07  6.570780e-01  1.000000e+00  
1.000000e+07  1.100000e-02  2.657339e-03  1.118498e-02  4.139480e+00  4.630000e-02  1.072851e+03  1.181981e-01  3.218499e-02  1.244171e-01  6.265358e-02  3.467453e-03  1.209123e-03  7.262819e-07  2.486999e-07  6.578686e-01  1.000000e+00  
1.000000e+07  1.300000e-02  2.975093e-03  1.059591e-02  4.369611e+00  4.630000e-02  1.134075e+03  9.806738e-02  1.963102e-02  1.475800e-01  7.053468e-02  3.470292e-03  1.498461e-03  4.213775e-07  2.562025e-07  6.592175e-01  1.000000e+00  
1.000000e+07  1.500000e-02  3.303086e-03  1.019553e-02  4.541208e+00  4.630000e-02  1.180147e+03  8.595398e-02  1.173768e-02  1.623487e-01  7.471126e-02  3.135040e-03  1.701707e-03  2.406857e-07  2.581391e-07  6.604112e-01  1.000000e+00  
1.000000e+07  1.700000e-02  3.640048e-03  9.913778e-03  4.670268e+00  4.630000e-02  1.215093e+03  7.954981e-02  7.268733e-03  1.708764e-01  7.630753e-02  2.757904e-03  1.854775e-03  1.429032e-07  2.595131e-07  6.613844e-01  1.000000e+00  
1.000000e+07  1.900000e-02  3.982607e-03  9.704984e-03  4.770744e+00  4.630000e-02  1.242475e+03  7.662322e-02  4.892086e-03  1.754947e-01  7.636587e-02  2.480981e-03  1.982961e-03  9.258313e-08  2.628285e-07  6.621599e-01  1.000000e+00  
1.000000e+07  2.100000e-02  4.327635e-03  9.541405e-03  4.852535e+00  4.630000e-02  1.264870e+03  7.560442e-02  3.672166e-03  1.779015e-01  7.561718e-02  2.315888e-03  2.097300e-03  6.715573e-08  2.679606e-07  6.627912e-01  1.000000e+00  
1.000000e+07  2.300000e-02  4.672845e-03  9.406639e-03  4.922055e+00  4.630000e-02  1.283974e+03  7.555079e-02  3.055354e-03  1.791378e-01  7.449940e-02  2.228284e-03  2.201719e-03  5.416163e-08  2.738967e-07  6.633263e-01  1.000000e+00  
1.000000e+07  2.500000e-02  5.016652e-03  9.290839e-03  4.983403e+00  4.630000e-02  1.300877e+03  7.594966e-02  2.741407e-03  1.797820e-01  7.324708e-02  2.184226e-03  2.298050e-03  4.721599e-08  2.797303e-07  6.637972e-01  1.000000e+00  
1.000000e+07  2.700000e-02  5.357812e-03  9.187656e-03  5.039370e+00  4.630000e-02  1.316323e+03  7.654236e-02  2.575806e-03  1.801346e-01  7.197364e-02  2.161983e-03  2.388143e-03  4.317972e-08  2.849360e-07  6.642232e-01  1.000000e+00  
1.000000e+07  2.900000e-02  5.694976e-03  9.092324e-03  5.092208e+00  4.630000e-02  1.330908e+03  7.720800e-02  2.482243e-03  1.803425e-01  7.072710e-02  2.150414e-03  2.474672e-03  4.054815e-08  2.893040e-07  6.646148e-01  1.000000e+00  
1.000000e+07  3.250000e-02  6.270462e-03  8.932996e-03  5.183031e+00  4.630000e-02  1.355944e+03  7.840992e-02  2.383294e-03  1.805667e-01  6.862388e-02  2.140168e-03  2.626478e-03  3.724378e-08  2.950339e-07  6.652492e-01  1.000000e+00  
1.000000e+07  3.750000e-02  7.109593e-03  8.777978e-03  5.274563e+00  4.630000e-02  1.381482e+03  7.973307e-02  2.300325e-03  1.808284e-01  6.623999e-02  2.114415e-03  2.771240e-03  3.439960e-08  2.960755e-07  6.660122e-01  1.000000e+00  
1.000000e+07  4.500000e-02  8.325366e-03  8.565877e-03  5.405168e+00  4.630000e-02  1.417850e+03  8.153881e-02  2.188245e-03  1.811703e-01  6.303011e-02  2.073518e-03  2.976648e-03  3.078716e-08  2.903967e-07  6.670220e-01  1.000000e+00  
1.000000e+07  5.500000e-02  9.965770e-03  8.389366e-03  5.518891e+00  4.630000e-02  1.449917e+03  8.313453e-02  2.072286e-03  1.815942e-01  6.000281e-02  2.010204e-03  3.138261e-03  2.768910e-08  2.766330e-07  6.680475e-01  1.000000e+00  
1.000000e+07  6.500000e-02  1.157668e-02  8.246161e-03  5.614734e+00  4.630000e-02  1.476967e+03  8.445178e-02  1.970211e-03  1.819693e-01  5.750376e-02  1.948846e-03  3.266283e-03  2.523009e-08  2.599486e-07  6.688895e-01  1.000000e+00  
1.000000e+07  7.500000e-02  1.316361e-02  8.126335e-03  5.697525e+00  4.630000e-02  1.500255e+03  8.556653e-02  1.884093e-03  1.822767e-01  5.544742e-02  1.894722e-03  3.372654e-03  2.327328e-08  2.429030e-07  6.695576e-01  1.000000e+00  
1.000000e+07  8.500000e-02  1.473369e-02  8.025525e-03  5.769093e+00  4.630000e-02  1.520197e+03  8.649349e-02  1.817689e-03  1.824883e-01  5.384476e-02  1.854045e-03  3.466358e-03  2.177469e-08  2.274263e-07  6.700351e-01  1.000000e+00  
1.000000e+07  9.500000e-02  1.631301e-02  7.950446e-03  5.823573e+00  4.630000e-02  1.535141e+03  8.714047e-02  1.779166e-03  1.825712e-01  5.284119e-02  1.834823e-03  3.545761e-03  2.082633e-08  2.162101e-07  6.702871e-01  1.000000e+00  
1.000000e+07  1.000000e-01  1.717159e-02  7.950446e-03  5.823573e+00  4.630000e-02  1.535141e+03  8.714047e-02  1.779166e-03  1.825712e-01  5.284119e-02  1.834823e-03  3.545761e-03  2.082633e-08  2.162101e-07  6.702871e-01  1.000000e+00  
