time          x             rho           u             mdot          T             H2            O2            H2O           H             O             OH            HO2           H2O2          AR            sumfracs      
1.000000e+004  0.000000e+000  3.117691e-002  1.485074e+000  4.630000e-002  3.737000e+002  2.669684e-001  9.112750e-002  1.146816e-003  3.085149e-004  2.027929e-008  3.391431e-005  1.712982e-005  6.854042e-007  6.403970e-001  1.000000e+000  
1.000000e+004  5.000000e-005  3.081831e-002  1.502354e+000  4.630000e-002  3.781320e+002  2.667573e-001  9.112446e-002  1.211670e-003  3.121050e-004  2.112843e-008  3.536242e-005  1.827091e-005  7.314032e-007  6.405401e-001  1.000000e+000  
1.000000e+004  1.250000e-004  3.029572e-002  1.528268e+000  4.630000e-002  3.847800e+002  2.664254e-001  9.111905e-002  1.311838e-003  3.352311e-004  2.835375e-008  3.754616e-005  1.924462e-005  7.913002e-007  6.407509e-001  1.000000e+000  
1.000000e+004  1.750000e-004  2.995724e-002  1.545536e+000  4.630000e-002  3.892120e+002  2.661971e-001  9.111388e-002  1.382804e-003  3.557605e-004  3.524322e-008  3.905424e-005  1.972814e-005  8.304705e-007  6.408909e-001  1.000000e+000  
1.000000e+004  2.250000e-004  2.962635e-002  1.562798e+000  4.630000e-002  3.936440e+002  2.659634e-001  9.110771e-002  1.456413e-003  3.809666e-004  4.432485e-008  4.058366e-005  2.004896e-005  8.676563e-007  6.410300e-001  1.000000e+000  
1.000000e+004  2.750000e-004  2.930280e-002  1.580054e+000  4.630000e-002  3.980760e+002  2.657246e-001  9.110053e-002  1.532705e-003  4.105932e-004  5.599176e-008  4.212825e-005  2.022587e-005  9.028147e-007  6.411683e-001  1.000000e+000  
1.000000e+004  3.250000e-004  2.898635e-002  1.597303e+000  4.630000e-002  4.025080e+002  2.654807e-001  9.109230e-002  1.611721e-003  4.444692e-004  7.079432e-008  4.368046e-005  2.027581e-005  9.359242e-007  6.413059e-001  1.000000e+000  
1.000000e+004  3.750000e-004  2.867677e-002  1.614547e+000  4.630000e-002  4.069400e+002  2.652318e-001  9.108300e-002  1.693510e-003  4.824816e-004  8.943872e-008  4.523159e-005  2.021447e-005  9.669827e-007  6.414427e-001  1.000000e+000  
1.000000e+004  4.250000e-004  2.837384e-002  1.631785e+000  4.630000e-002  4.113720e+002  2.649780e-001  9.107259e-002  1.778116e-003  5.245577e-004  1.127995e-007  4.677223e-005  2.005657e-005  9.960047e-007  6.415788e-001  1.000000e+000  
1.000000e+004  4.750000e-004  2.807735e-002  1.649016e+000  4.630000e-002  4.158040e+002  2.647192e-001  9.106104e-002  1.865589e-003  5.706527e-004  1.419404e-007  4.829249e-005  1.981602e-005  1.023019e-006  6.417142e-001  1.000000e+000  
1.000000e+004  5.250000e-004  2.778709e-002  1.666241e+000  4.630000e-002  4.202360e+002  2.644555e-001  9.104834e-002  1.955973e-003  6.207411e-004  1.781388e-007  4.978233e-005  1.950601e-005  1.048066e-006  6.418489e-001  1.000000e+000  
1.000000e+004  5.750000e-004  2.750287e-002  1.683461e+000  4.630000e-002  4.246680e+002  2.641869e-001  9.103443e-002  2.049315e-003  6.748064e-004  2.229148e-007  5.123179e-005  1.913893e-005  1.071197e-006  6.419829e-001  1.000000e+000  
1.000000e+004  6.100000e-004  2.730740e-002  1.695511e+000  4.630000e-002  4.277704e+002  2.639952e-001  9.102384e-002  2.116852e-003  7.154741e-004  2.615624e-007  5.221255e-005  1.884984e-005  1.086103e-006  6.420762e-001  1.000000e+000  
1.000000e+004  6.300000e-004  2.719698e-002  1.702395e+000  4.630000e-002  4.295432e+002  2.638844e-001  9.101736e-002  2.156465e-003  7.393948e-004  2.858079e-007  5.276968e-005  1.867560e-005  1.094469e-006  6.421295e-001  1.000000e+000  
1.000000e+004  6.600000e-004  2.703303e-002  1.712719e+000  4.630000e-002  4.322024e+002  2.637172e-001  9.100734e-002  2.216591e-003  7.762021e-004  3.252779e-007  5.359034e-005  1.840601e-005  1.106577e-006  6.422092e-001  1.000000e+000  
1.000000e+004  6.900000e-004  2.687108e-002  1.723042e+000  4.630000e-002  4.348616e+002  2.635479e-001  9.099692e-002  2.277746e-003  8.148936e-004  3.714119e-007  5.437503e-005  1.812544e-005  1.117721e-006  6.422885e-001  1.000000e+000  
1.000000e+004  7.100000e-004  2.676421e-002  1.729922e+000  4.630000e-002  4.366344e+002  2.634340e-001  9.098960e-002  2.319393e-003  8.413575e-004  4.049680e-007  5.489055e-005  1.793253e-005  1.124956e-006  6.423413e-001  1.000000e+000  
1.000000e+004  7.300000e-004  2.665819e-002  1.736802e+000  4.630000e-002  4.384072e+002  2.633193e-001  9.098207e-002  2.361559e-003  8.684572e-004  4.413099e-007  5.539446e-005  1.773636e-005  1.131920e-006  6.423939e-001  1.000000e+000  
1.000000e+004  7.500000e-004  2.655303e-002  1.743681e+000  4.630000e-002  4.401800e+002  2.632037e-001  9.097432e-002  2.404249e-003  8.961926e-004  4.806415e-007  5.588632e-005  1.753745e-005  1.138618e-006  6.424464e-001  1.000000e+000  
1.000000e+004  7.700000e-004  2.644871e-002  1.750558e+000  4.630000e-002  4.419528e+002  2.630874e-001  9.096635e-002  2.447465e-003  9.245636e-004  5.231784e-007  5.636572e-005  1.733630e-005  1.145055e-006  6.424988e-001  1.000000e+000  
1.000000e+004  7.900000e-004  2.634521e-002  1.757435e+000  4.630000e-002  4.437256e+002  2.629703e-001  9.095815e-002  2.491212e-003  9.535701e-004  5.691492e-007  5.683227e-005  1.713335e-005  1.151235e-006  6.425511e-001  1.000000e+000  
1.000000e+004  8.100000e-004  2.624254e-002  1.764311e+000  4.630000e-002  4.454984e+002  2.628524e-001  9.094973e-002  2.535492e-003  9.832117e-004  6.187955e-007  5.728561e-005  1.692905e-005  1.157163e-006  6.426032e-001  1.000000e+000  
1.000000e+004  8.300000e-004  2.614068e-002  1.771186e+000  4.630000e-002  4.472712e+002  2.627336e-001  9.094109e-002  2.580310e-003  1.013488e-003  6.723725e-007  5.772539e-005  1.672379e-005  1.162845e-006  6.426552e-001  1.000000e+000  
1.000000e+004  8.500000e-004  2.603961e-002  1.778060e+000  4.630000e-002  4.490440e+002  2.626141e-001  9.093221e-002  2.625667e-003  1.044399e-003  7.301499e-007  5.815129e-005  1.651796e-005  1.168284e-006  6.427070e-001  1.000000e+000  
1.000000e+004  8.700000e-004  2.593934e-002  1.784933e+000  4.630000e-002  4.508168e+002  2.624938e-001  9.092310e-002  2.671564e-003  1.075943e-003  7.924119e-007  5.856301e-005  1.631191e-005  1.173485e-006  6.427588e-001  1.000000e+000  
1.000000e+004  8.900000e-004  2.583985e-002  1.791806e+000  4.630000e-002  4.525896e+002  2.623726e-001  9.091376e-002  2.718007e-003  1.108121e-003  8.594578e-007  5.896027e-005  1.610596e-005  1.178454e-006  6.428104e-001  1.000000e+000  
1.000000e+004  9.250000e-004  2.566760e-002  1.803830e+000  4.630000e-002  4.556920e+002  2.621595e-001  9.089703e-002  2.800136e-003  1.165477e-003  9.855833e-007  5.962905e-005  1.574664e-005  1.186742e-006  6.429003e-001  1.000000e+000  
1.000000e+004  9.750000e-004  2.542553e-002  1.821004e+000  4.630000e-002  4.601240e+002  2.618510e-001  9.087231e-002  2.919363e-003  1.251190e-003  1.198918e-006  6.048193e-005  1.524710e-005  1.197041e-006  6.430280e-001  1.000000e+000  
1.000000e+004  1.250000e-003  2.417284e-002  1.915373e+000  4.630000e-002  4.845000e+002  2.601526e-001  9.073094e-002  3.581071e-003  1.736201e-003  2.573377e-006  6.457595e-005  1.259612e-005  1.245832e-006  6.437182e-001  1.000000e+000  
1.000000e+004  1.750000e-003  2.238553e-002  2.068300e+000  4.630000e-002  5.241800e+002  2.567649e-001  9.043900e-002  4.869156e-003  2.935946e-003  9.369089e-006  6.784363e-005  9.494965e-006  1.244683e-006  6.449030e-001  1.000000e+000  
1.000000e+004  2.250000e-003  2.084891e-002  2.220739e+000  4.630000e-002  5.638600e+002  2.529256e-001  9.003088e-002  6.436934e-003  4.468583e-003  2.569858e-005  6.855930e-005  7.356370e-006  1.196853e-006  6.460352e-001  1.000000e+000  
1.000000e+004  2.750000e-003  1.958295e-002  2.364302e+000  4.630000e-002  6.014000e+002  2.486368e-001  8.947885e-002  8.332289e-003  6.306659e-003  5.686636e-005  6.945077e-005  5.917081e-006  1.120593e-006  6.471121e-001  1.000000e+000  
1.000000e+004  3.250000e-003  1.852690e-002  2.499069e+000  4.630000e-002  6.368000e+002  2.438901e-001  8.874531e-002  1.061938e-002  8.430034e-003  1.081252e-004  7.265207e-005  4.911602e-006  1.027242e-006  6.481285e-001  1.000000e+000  
1.000000e+004  3.750000e-003  1.758096e-002  2.633531e+000  4.630000e-002  6.722000e+002  2.386787e-001  8.778522e-002  1.337114e-002  1.082138e-002  1.843424e-004  7.970792e-005  4.145316e-006  9.252586e-007  6.490745e-001  1.000000e+000  
1.000000e+004  4.250000e-003  1.679666e-002  2.756500e+000  4.630000e-002  7.047200e+002  2.329968e-001  8.654724e-002  1.666789e-002  1.346182e-002  2.887395e-004  9.287223e-005  3.590750e-006  8.219955e-007  6.499402e-001  1.000000e+000  
1.000000e+004  4.750000e-003  1.607990e-002  2.879371e+000  4.630000e-002  7.372400e+002  2.268424e-001  8.497773e-002  2.058610e-002  1.633453e-002  4.243021e-004  1.136355e-004  3.143943e-006  7.235925e-007  6.507174e-001  1.000000e+000  
1.000000e+004  5.250000e-003  1.545132e-002  2.996509e+000  4.630000e-002  7.682900e+002  2.202299e-001  8.302796e-002  2.518750e-002  1.941473e-002  5.918160e-004  1.436506e-004  2.792325e-006  6.354127e-007  6.514010e-001  1.000000e+000  
1.000000e+004  5.750000e-003  1.489683e-002  3.108043e+000  4.630000e-002  7.978700e+002  2.131834e-001  8.065649e-002  3.051856e-002  2.267605e-002  7.907830e-004  1.841393e-004  2.509228e-006  5.614931e-007  6.519875e-001  1.000000e+000  
1.000000e+004  6.250000e-003  1.437967e-002  3.219823e+000  4.630000e-002  8.274500e+002  2.057487e-001  7.783505e-002  3.659621e-002  2.608451e-002  1.019615e-003  2.364306e-004  2.263304e-006  5.043882e-007  6.524767e-001  1.000000e+000  
1.000000e+004  6.750000e-003  1.389582e-002  3.331937e+000  4.630000e-002  8.570300e+002  1.979990e-001  7.455829e-002  4.339461e-002  2.959524e-002  1.273827e-003  3.012853e-004  2.044713e-006  4.651610e-007  6.528752e-001  1.000000e+000  
1.000000e+004  7.250000e-003  1.344193e-002  3.444445e+000  4.630000e-002  8.866100e+002  1.900330e-001  7.084987e-002  5.083975e-002  3.315444e-002  1.545354e-003  3.782917e-004  1.846450e-006  4.433268e-007  6.531970e-001  1.000000e+000  
1.000000e+004  7.750000e-003  1.304699e-002  3.548711e+000  4.630000e-002  9.139600e+002  1.819657e-001  6.676387e-002  5.881812e-002  3.670538e-002  1.821506e-003  4.638660e-004  1.675146e-006  4.370691e-007  6.534594e-001  1.000000e+000  
1.000000e+004  8.250000e-003  1.270322e-002  3.644746e+000  4.630000e-002  9.390800e+002  1.739157e-001  6.237014e-002  6.719345e-002  4.019387e-002  2.089294e-003  5.548694e-004  1.522924e-006  4.435352e-007  6.536807e-001  1.000000e+000  
1.000000e+004  8.750000e-003  1.237573e-002  3.741193e+000  4.630000e-002  9.642000e+002  1.660103e-001  5.775146e-002  7.580462e-002  4.356484e-002  2.336125e-003  6.510888e-004  1.375282e-006  4.593198e-007  6.538798e-001  1.000000e+000  
1.000000e+004  9.500000e-003  1.191365e-002  3.886297e+000  4.630000e-002  1.001880e+003  1.546134e-001  5.067551e-002  8.872595e-002  4.833908e-002  2.645310e-003  8.006836e-004  1.163405e-006  4.917066e-007  6.541984e-001  1.000000e+000  
1.000000e+004  1.500000e-002  1.013270e-002  4.569364e+000  4.630000e-002  1.184000e+003  8.695785e-002  1.070678e-002  1.630029e-001  7.594717e-002  2.955064e-003  1.679474e-003  2.199884e-007  6.947343e-007  6.587498e-001  1.000000e+000  
1.000000e+004  2.500000e-002  9.242234e-003  5.009611e+000  4.630000e-002  1.304000e+003  7.648702e-002  3.664910e-003  1.769307e-001  7.604311e-002  2.530627e-003  2.444217e-003  6.372934e-008  8.391962e-007  6.618985e-001  1.000000e+000  
1.000000e+004  3.500000e-002  8.827168e-003  5.245170e+000  4.630000e-002  1.369167e+003  7.806781e-002  2.762972e-003  1.788438e-001  7.123405e-002  2.441667e-003  2.874276e-003  4.375548e-008  8.131362e-007  6.637746e-001  1.000000e+000  
1.000000e+004  4.500000e-002  8.580915e-003  5.395695e+000  4.630000e-002  1.411500e+003  8.017883e-002  2.524740e-003  1.795532e-001  6.706179e-002  2.360390e-003  3.117619e-003  3.735934e-008  7.248443e-007  6.652027e-001  1.000000e+000  
1.000000e+004  5.500000e-002  8.345186e-003  5.548109e+000  4.630000e-002  1.453833e+003  8.204869e-002  2.401469e-003  1.798841e-001  6.362641e-002  2.325023e-003  3.386425e-003  3.302801e-008  6.188354e-007  6.663273e-001  1.000000e+000  
1.000000e+004  6.500000e-002  8.203124e-003  5.644191e+000  4.630000e-002  1.481125e+003  8.341790e-002  2.278783e-003  1.803385e-001  6.091780e-002  2.249163e-003  3.521944e-003  2.991793e-008  5.357131e-007  6.672754e-001  1.000000e+000  
1.000000e+004  7.500000e-002  8.145630e-003  5.684029e+000  4.630000e-002  1.493375e+003  8.440004e-002  2.140038e-003  1.809624e-001  5.877630e-002  2.131513e-003  3.516949e-003  2.758618e-008  4.837969e-007  6.680722e-001  1.000000e+000  
1.000000e+004  8.500000e-002  8.086472e-003  5.725612e+000  4.630000e-002  1.505625e+003  8.527399e-002  2.029398e-003  1.814186e-001  5.705086e-002  2.043476e-003  3.529937e-003  2.566633e-008  4.398299e-007  6.686533e-001  1.000000e+000  
1.000000e+004  9.500000e-002  8.024969e-003  5.769492e+000  4.630000e-002  1.517875e+003  8.594720e-002  1.967180e-003  1.816149e-001  5.592804e-002  2.002828e-003  3.578697e-003  2.437510e-008  4.061318e-007  6.689607e-001  1.000000e+000  
1.000000e+004  1.000000e-001  7.992717e-003  5.792774e+000  4.630000e-002  1.524000e+003  8.594720e-002  1.967180e-003  1.816149e-001  5.592804e-002  2.002828e-003  3.578697e-003  2.437510e-008  4.061318e-007  6.689607e-001  1.000000e+000  
