int_time      x             rho           u             G             T             H2            O2            H2O           H             O             OH            HO2           H2O2          N2            sumfracs      
1.000000e+04  0.000000e+00  6.818352e-01  1.000000e+00  1.000000e+00  3.000000e+02  5.000000e-01  5.000000e-01  3.550925e-31  1.145345e-34  2.438381e-40  9.500658e-33  3.177292e-31  2.065347e-42  0.000000e+00  1.000000e+00  
1.000000e+04  2.600000e-04  6.818352e-01  1.013702e+00  4.535968e+00  3.000000e+02  5.000000e-01  5.000000e-01  2.808775e-30  2.978808e-34  1.481065e-39  5.849676e-32  2.791860e-30  1.824523e-41  0.000000e+00  1.000000e+00  
1.000000e+04  6.600000e-04  6.818352e-01  1.006411e+00  4.557176e+00  3.000000e+02  5.000000e-01  5.000000e-01  4.318414e-30  3.041312e-34  2.260620e-39  5.971799e-32  4.296894e-30  3.320910e-41  0.000000e+00  1.000000e+00  
1.000000e+04  9.000000e-04  6.818352e-01  1.001960e+00  4.567493e+00  3.000000e+02  5.000000e-01  5.000000e-01  5.454402e-30  3.043958e-34  2.845220e-39  5.976961e-32  5.425893e-30  4.789111e-41  0.000000e+00  1.000000e+00  
1.000000e+04  1.200000e-03  6.818352e-01  9.963124e-01  4.585109e+00  3.000000e+02  5.000000e-01  5.000000e-01  7.500349e-30  3.044131e-34  3.855414e-39  5.977299e-32  7.479441e-30  8.289628e-41  0.000000e+00  1.000000e+00  
1.000000e+04  1.550000e-03  6.818352e-01  9.895968e-01  4.603655e+00  3.000000e+02  5.000000e-01  5.000000e-01  9.154870e-30  3.044136e-34  4.677578e-39  5.977309e-32  9.128883e-30  1.175990e-40  0.000000e+00  1.000000e+00  
1.000000e+04  1.900000e-03  6.818352e-01  9.827487e-01  4.622828e+00  3.000000e+02  5.000000e-01  5.000000e-01  1.128281e-29  3.044137e-34  5.706486e-39  5.977310e-32  1.125881e-29  1.723155e-40  0.000000e+00  1.000000e+00  
1.000000e+04  2.300000e-03  6.818352e-01  9.747482e-01  4.647093e+00  3.000000e+02  5.000000e-01  5.000000e-01  1.348613e-29  3.044137e-34  6.761156e-39  5.977310e-32  1.345835e-29  2.403083e-40  0.000000e+00  1.000000e+00  
1.000000e+04  2.800000e-03  6.818352e-01  9.644900e-01  4.674228e+00  3.000000e+02  5.000000e-01  5.000000e-01  1.673878e-29  3.044137e-34  8.270352e-39  5.977309e-32  1.671365e-29  3.641625e-40  0.000000e+00  1.000000e+00  
1.000000e+04  3.450000e-03  6.818352e-01  9.506868e-01  4.718869e+00  3.000000e+02  5.000000e-01  5.000000e-01  2.057985e-29  3.044137e-34  1.000370e-38  5.977310e-32  2.055768e-29  5.431241e-40  0.000000e+00  1.000000e+00  
1.000000e+04  4.100000e-03  6.818352e-01  9.363358e-01  4.758322e+00  3.000000e+02  5.000000e-01  5.000000e-01  2.396007e-29  3.044137e-34  1.149619e-38  5.977310e-32  2.393588e-29  7.265347e-40  0.000000e+00  1.000000e+00  
1.000000e+04  4.700000e-03  6.818352e-01  9.225765e-01  4.804097e+00  3.000000e+02  5.000000e-01  5.000000e-01  2.736858e-29  3.044137e-34  1.296054e-38  5.977310e-32  2.734398e-29  9.379590e-40  0.000000e+00  1.000000e+00  
1.000000e+04  5.300000e-03  6.818352e-01  9.083045e-01  4.843632e+00  3.000000e+02  5.000000e-01  5.000000e-01  3.083485e-29  3.044137e-34  1.441109e-38  5.977309e-32  3.080928e-29  1.180465e-39  0.000000e+00  1.000000e+00  
1.000000e+04  5.950000e-03  6.818352e-01  8.922207e-01  4.899716e+00  3.000000e+02  5.000000e-01  5.000000e-01  3.482316e-29  3.044137e-34  1.602006e-38  5.977310e-32  3.480792e-29  1.495050e-39  0.000000e+00  1.000000e+00  
1.000000e+04  6.450000e-03  6.818352e-01  8.793766e-01  4.937885e+00  3.000000e+02  5.000000e-01  5.000000e-01  3.668418e-29  3.044137e-34  1.677473e-38  5.977310e-32  3.666086e-29  1.649144e-39  0.000000e+00  1.000000e+00  
1.000000e+04  6.750000e-03  6.818352e-01  8.714720e-01  4.965706e+00  3.000000e+02  5.000000e-01  5.000000e-01  3.839231e-29  3.044137e-34  1.744390e-38  5.977310e-32  3.837510e-29  1.798030e-39  0.000000e+00  1.000000e+00  
1.000000e+04  6.950000e-03  6.818352e-01  8.661147e-01  4.981609e+00  3.000000e+02  5.000000e-01  5.000000e-01  3.914690e-29  3.044137e-34  1.775402e-38  5.977310e-32  3.911681e-29  1.864181e-39  0.000000e+00  1.000000e+00  
1.000000e+04  7.100000e-03  6.818352e-01  8.620507e-01  4.996318e+00  3.000000e+02  5.000000e-01  5.000000e-01  4.024504e-29  3.044137e-34  1.817376e-38  5.977310e-32  4.022263e-29  1.965092e-39  0.000000e+00  1.000000e+00  
1.000000e+04  7.250000e-03  6.818352e-01  8.579455e-01  5.009039e+00  3.000000e+02  5.000000e-01  5.000000e-01  4.097306e-29  3.044137e-34  1.846505e-38  5.977310e-32  4.094104e-29  2.032256e-39  0.000000e+00  1.000000e+00  
1.000000e+04  7.400000e-03  6.818352e-01  8.537995e-01  5.023526e+00  3.000000e+02  5.000000e-01  5.000000e-01  4.211993e-29  3.044137e-34  1.889780e-38  5.977310e-32  4.209436e-29  2.142631e-39  0.000000e+00  1.000000e+00  
1.000000e+04  7.600000e-03  6.818352e-01  8.482052e-01  5.042183e+00  3.000000e+02  5.000000e-01  5.000000e-01  4.333442e-29  3.044137e-34  1.935779e-38  5.977310e-32  4.331034e-29  2.262292e-39  0.000000e+00  1.000000e+00  
1.000000e+04  7.800000e-03  6.818352e-01  8.425334e-01  5.062188e+00  3.000000e+02  5.000000e-01  5.000000e-01  4.450876e-29  3.044137e-34  1.979702e-38  5.977310e-32  4.448855e-29  2.381194e-39  0.000000e+00  1.000000e+00  
1.000000e+04  7.950000e-03  6.818352e-01  8.382278e-01  5.076612e+00  3.000000e+02  5.000000e-01  5.000000e-01  4.519981e-29  3.044137e-34  2.006313e-38  5.977310e-32  4.517298e-29  2.451502e-39  0.000000e+00  1.000000e+00  
1.000000e+04  8.050000e-03  6.818352e-01  8.353330e-01  5.086638e+00  3.000000e+02  5.000000e-01  5.000000e-01  4.582248e-29  3.044137e-34  2.029590e-38  5.977310e-32  4.579516e-29  2.516346e-39  0.000000e+00  1.000000e+00  
1.000000e+04  8.150000e-03  6.818352e-01  8.324180e-01  5.096763e+00  3.000000e+02  5.000000e-01  5.000000e-01  4.645054e-29  3.044137e-34  2.053011e-38  5.977310e-32  4.642212e-29  2.582625e-39  0.000000e+00  1.000000e+00  
1.000000e+04  8.250000e-03  6.818352e-01  8.294825e-01  5.107093e+00  3.000000e+02  5.000000e-01  5.000000e-01  4.709152e-29  3.044137e-34  2.076876e-38  5.977310e-32  4.706091e-29  2.651178e-39  0.000000e+00  1.000000e+00  
1.000000e+04  8.350000e-03  6.818352e-01  8.265268e-01  5.117055e+00  3.000000e+02  5.000000e-01  5.000000e-01  4.776952e-29  3.044137e-34  2.101971e-38  5.977310e-32  4.773593e-29  2.724880e-39  0.000000e+00  1.000000e+00  
1.000000e+04  8.500000e-03  6.818352e-01  8.220542e-01  5.132991e+00  3.000000e+02  5.000000e-01  5.000000e-01  4.895727e-29  3.044137e-34  2.144548e-38  5.977310e-32  4.892977e-29  2.857940e-39  0.000000e+00  1.000000e+00  
1.000000e+04  8.700000e-03  6.818352e-01  8.160147e-01  5.155066e+00  3.000000e+02  5.000000e-01  5.000000e-01  5.023257e-29  3.044137e-34  2.190602e-38  5.977310e-32  5.020389e-29  3.003719e-39  0.000000e+00  1.000000e+00  
1.000000e+04  8.900000e-03  6.818352e-01  8.098894e-01  5.175867e+00  3.000000e+02  5.000000e-01  5.000000e-01  5.154502e-29  3.044137e-34  2.237559e-38  5.977310e-32  5.151394e-29  3.157830e-39  0.000000e+00  1.000000e+00  
1.000000e+04  9.150000e-03  6.818352e-01  8.021064e-01  5.205552e+00  3.000000e+02  5.000000e-01  5.000000e-01  5.338509e-29  3.044137e-34  2.301558e-38  5.977310e-32  5.336167e-29  3.382211e-39  0.000000e+00  1.000000e+00  
1.000000e+04  9.400000e-03  6.818352e-01  7.941781e-01  5.233962e+00  3.000000e+02  5.000000e-01  5.000000e-01  5.474795e-29  3.044137e-34  2.349693e-38  5.977310e-32  5.471740e-29  3.551504e-39  0.000000e+00  1.000000e+00  
1.000000e+04  9.600000e-03  6.818352e-01  7.877292e-01  5.258616e+00  3.000000e+02  5.000000e-01  5.000000e-01  5.611101e-29  3.044137e-34  2.396991e-38  5.977310e-32  5.607526e-29  3.725895e-39  0.000000e+00  1.000000e+00  
1.000000e+04  9.850000e-03  6.818352e-01  7.795345e-01  5.287366e+00  3.000000e+02  5.000000e-01  5.000000e-01  5.810368e-29  3.044137e-34  2.464366e-38  5.977310e-32  5.806729e-29  3.991060e-39  0.000000e+00  1.000000e+00  
1.000000e+04  1.025000e-02  6.818352e-01  7.660912e-01  5.341503e+00  3.000000e+02  5.000000e-01  5.000000e-01  6.139531e-29  3.044137e-34  2.572508e-38  5.977309e-32  6.136455e-29  4.453525e-39  0.000000e+00  1.000000e+00  
1.000000e+04  1.075000e-02  6.818352e-01  7.486830e-01  5.408095e+00  3.000000e+02  5.000000e-01  5.000000e-01  6.489558e-29  3.044137e-34  2.685417e-38  5.977310e-32  6.485754e-29  4.973559e-39  0.000000e+00  1.000000e+00  
1.000000e+04  1.140000e-02  6.818352e-01  7.249868e-01  5.505337e+00  3.000000e+02  5.000000e-01  5.000000e-01  7.044394e-29  3.044137e-34  2.855560e-38  5.977310e-32  7.041554e-29  5.868918e-39  0.000000e+00  1.000000e+00  
1.000000e+04  1.215000e-02  6.818352e-01  6.959578e-01  5.632938e+00  3.000000e+02  5.000000e-01  5.000000e-01  7.554839e-29  3.044137e-34  3.006811e-38  5.977310e-32  7.552156e-29  6.751580e-39  0.000000e+00  1.000000e+00  
1.000000e+04  1.275000e-02  6.818352e-01  6.713075e-01  5.743081e+00  3.000000e+02  5.000000e-01  5.000000e-01  7.941285e-29  3.044137e-34  3.118537e-38  5.977310e-32  7.937782e-29  7.454273e-39  0.000000e+00  1.000000e+00  
1.000000e+04  1.325000e-02  6.818352e-01  6.496919e-01  5.847561e+00  3.000000e+02  5.000000e-01  5.000000e-01  8.333179e-29  3.044137e-34  3.227830e-38  5.977310e-32  8.329507e-29  8.204282e-39  0.000000e+00  1.000000e+00  
1.000000e+04  1.375000e-02  6.818352e-01  6.269943e-01  5.959406e+00  3.000000e+02  5.000000e-01  5.000000e-01  8.738542e-29  3.044137e-34  3.337348e-38  5.977309e-32  8.734669e-29  9.018813e-39  0.000000e+00  1.000000e+00  
1.000000e+04  1.425000e-02  6.818352e-01  6.030913e-01  6.088570e+00  3.000000e+02  5.000000e-01  5.000000e-01  9.159248e-29  3.044137e-34  3.447320e-38  5.977310e-32  9.155131e-29  9.906035e-39  0.000000e+00  1.000000e+00  
1.000000e+04  1.475000e-02  6.818352e-01  5.778553e-01  6.225891e+00  3.000000e+02  5.000000e-01  5.000000e-01  9.597638e-29  3.044137e-34  3.558036e-38  5.977310e-32  9.593211e-29  1.087617e-38  0.000000e+00  1.000000e+00  
1.000000e+04  1.525000e-02  6.818352e-01  5.510985e-01  6.392652e+00  3.000000e+02  5.000000e-01  5.000000e-01  1.005691e-28  3.044137e-34  3.669928e-38  5.977310e-32  1.005203e-28  1.194284e-38  0.000000e+00  1.000000e+00  
1.000000e+04  1.575000e-02  6.818352e-01  5.226400e-01  6.566098e+00  3.000000e+02  5.000000e-01  5.000000e-01  1.054305e-28  3.044137e-34  3.783984e-38  5.977310e-32  1.053720e-28  1.312909e-38  0.000000e+00  1.000000e+00  
1.000000e+04  1.625000e-02  6.818352e-01  4.921623e-01  6.796448e+00  3.000000e+02  5.000000e-01  5.000000e-01  1.107835e-28  3.044137e-34  3.904182e-38  5.977310e-32  1.107004e-28  1.451096e-38  0.000000e+00  1.000000e+00  
1.000000e+04  1.700000e-02  6.818352e-01  4.420156e-01  7.156580e+00  3.000000e+02  5.000000e-01  5.000000e-01  1.215742e-28  3.044137e-34  4.125033e-38  5.977310e-32  1.215299e-28  1.756569e-38  0.000000e+00  1.000000e+00  
1.000000e+04  1.775000e-02  6.818352e-01  3.845032e-01  7.778398e+00  3.000000e+02  5.000000e-01  5.000000e-01  1.285609e-28  3.044137e-34  4.263644e-38  5.977310e-32  1.284547e-28  1.965202e-38  0.000000e+00  1.000000e+00  
1.000000e+04  1.825000e-02  6.818352e-01  3.410739e-01  8.173694e+00  3.000000e+02  5.000000e-01  5.000000e-01  1.360938e-28  3.044137e-34  4.401606e-38  5.977310e-32  1.359517e-28  2.206040e-38  0.000000e+00  1.000000e+00  
1.000000e+04  1.875000e-02  6.818352e-01  2.905751e-01  9.192497e+00  3.000000e+02  5.000000e-01  5.000000e-01  1.450903e-28  3.044137e-34  4.553283e-38  5.977310e-32  1.449117e-28  2.515791e-38  0.000000e+00  1.000000e+00  
1.000000e+04  1.925000e-02  6.818352e-01  2.325854e-01  9.670482e+00  3.000000e+02  5.000000e-01  5.000000e-01  1.563213e-28  3.044137e-34  4.721522e-38  5.977310e-32  1.562272e-28  2.939483e-38  0.000000e+00  1.000000e+00  
1.000000e+04  1.975000e-02  6.818352e-01  1.011950e-01  2.387093e+01  3.000000e+02  5.000000e-01  5.000000e-01  1.699781e-28  3.044137e-34  4.893519e-38  5.977310e-32  1.705680e-28  3.513760e-38  0.000000e+00  1.000000e+00  
1.000000e+04  5.100000e+01  6.818352e-01  0.000000e+00  2.387093e+01  3.000000e+02  5.000000e-01  5.000000e-01  1.699781e-28  3.044136e-34  4.893518e-38  5.977308e-32  1.705679e-28  3.513759e-38  0.000000e+00  1.000000e+00  
