int_time      x             rho           u             G             T             H2            O2            H2O           H             O             OH            HO2           H2O2          N2            sumfracs      
1.000000e+04  0.000000e+00  8.768025e-02  1.000000e+00  3.632006e+00  3.000000e+02  9.922499e-01  7.842720e-11  3.024323e-03  8.523975e-08  1.157234e-14  8.487113e-16  5.807793e-13  7.255825e-13  4.725728e-03  1.000000e+00  
1.000000e+04  2.600000e-04  8.343657e-02  9.135782e-01  4.545950e+00  3.471726e+02  9.823209e-01  1.771144e-10  6.697810e-03  1.455768e-07  2.407848e-14  1.767843e-15  1.312000e-12  1.639598e-12  1.098114e-02  1.000000e+00  
1.000000e+04  6.600000e-04  7.016869e-02  8.112680e-01  6.477965e+00  4.911209e+02  9.619300e-01  3.761758e-10  1.399515e-02  1.208418e-05  6.027723e-14  3.827398e-13  2.382822e-12  3.479674e-12  2.406277e-02  1.000000e+00  
1.000000e+04  9.000000e-04  6.082058e-02  7.358519e-01  8.327774e+00  6.428873e+02  9.447380e-01  5.453885e-10  1.984106e-02  1.140847e-04  3.552453e-13  8.728526e-11  1.691687e-12  4.987285e-12  3.530685e-02  1.000000e+00  
1.000000e+04  1.200000e-03  5.247162e-02  5.506696e-01  1.069456e+01  8.640915e+02  9.214689e-01  7.959691e-10  2.754506e-02  4.523231e-04  8.056744e-12  8.984627e-09  1.010948e-12  7.098350e-12  5.053375e-02  1.000000e+00  
1.000000e+04  1.550000e-03  4.712786e-02  2.110329e-01  1.221998e+01  1.130214e+03  8.916537e-01  1.235278e-09  3.722265e-02  1.174349e-03  3.857206e-10  2.643336e-07  7.656442e-13  1.143986e-11  6.994900e-02  1.000000e+00  
1.000000e+04  1.900000e-03  4.499091e-02  -1.962677e-01  1.201817e+01  1.377994e+03  8.587110e-01  2.023415e-09  4.787013e-02  2.058725e-03  4.642040e-09  2.091773e-06  7.922983e-13  2.066920e-11  9.135803e-02  1.000000e+00  
1.000000e+04  2.300000e-03  4.502173e-02  -6.529481e-01  1.031119e+01  1.621792e+03  8.170380e-01  4.874140e-09  6.137750e-02  3.247892e-03  3.343773e-08  1.017799e-05  1.378353e-12  3.982893e-11  1.183264e-01  1.000000e+00  
1.000000e+04  2.800000e-03  4.748398e-02  -1.124049e+00  7.674374e+00  1.864735e+03  7.582083e-01  1.793699e-08  8.054365e-02  4.962523e-03  1.997369e-07  4.017012e-05  5.153964e-12  8.179053e-11  1.562451e-01  1.000000e+00  
1.000000e+04  3.450000e-03  5.352474e-02  -1.534579e+00  5.130969e+00  2.092083e+03  6.692141e-01  1.126197e-07  1.096358e-01  7.674223e-03  1.208550e-06  1.475040e-04  5.598872e-11  2.466704e-10  2.133271e-01  1.000000e+00  
1.000000e+04  4.100000e-03  6.221420e-02  -1.755513e+00  3.806542e+00  2.248976e+03  5.628174e-01  7.559547e-07  1.443681e-01  1.110348e-02  5.805811e-06  4.265845e-04  5.164817e-10  8.756586e-10  2.812779e-01  1.000000e+00  
1.000000e+04  4.700000e-03  7.240932e-02  -1.845771e+00  3.179390e+00  2.347678e+03  4.480459e-01  4.698867e-06  1.815937e-01  1.495527e-02  2.348743e-05  1.039992e-03  3.218771e-09  3.217069e-09  3.543369e-01  1.000000e+00  
1.000000e+04  5.300000e-03  8.445490e-02  -1.871367e+00  2.775592e+00  2.407910e+03  3.204508e-01  3.638726e-05  2.221697e-01  1.941532e-02  1.013193e-04  2.495093e-03  1.917708e-08  1.404352e-08  4.353313e-01  1.000000e+00  
1.000000e+04  5.950000e-03  9.937686e-02  -1.858146e+00  2.458675e+00  2.426384e+03  1.764695e-01  4.729317e-04  2.643107e-01  2.418812e-02  6.318093e-04  6.876476e-03  1.583599e-07  9.694653e-08  5.270502e-01  1.000000e+00  
1.000000e+04  6.450000e-03  1.152149e-01  -1.782474e+00  2.249927e+00  2.348354e+03  7.241084e-02  6.841716e-03  2.777869e-01  2.446119e-02  3.770151e-03  1.624912e-02  1.337271e-06  7.302483e-07  5.984780e-01  1.000000e+00  
1.000000e+04  6.750000e-03  1.306310e-01  -1.668882e+00  2.149819e+00  2.209766e+03  3.094297e-02  2.932666e-02  2.537168e-01  1.732988e-02  8.035177e-03  2.032875e-02  4.264184e-06  2.066543e-06  6.403135e-01  1.000000e+00  
1.000000e+04  6.950000e-03  1.496251e-01  -1.514735e+00  2.080765e+00  2.013082e+03  1.578489e-02  6.004064e-02  2.192301e-01  1.148903e-02  9.243578e-03  1.683914e-02  8.001469e-06  3.634120e-06  6.673610e-01  1.000000e+00  
1.000000e+04  7.100000e-03  1.685364e-01  -1.384290e+00  2.032878e+00  1.842850e+03  8.314046e-03  8.684761e-02  1.897083e-01  7.074793e-03  8.174588e-03  1.215361e-02  1.149546e-05  4.572508e-06  6.877109e-01  1.000000e+00  
1.000000e+04  7.250000e-03  1.989846e-01  -1.207198e+00  1.981547e+00  1.604967e+03  4.256962e-03  1.159715e-01  1.557945e-01  4.039303e-03  5.919596e-03  6.702858e-03  1.776881e-05  4.742185e-06  7.072928e-01  1.000000e+00  
1.000000e+04  7.400000e-03  2.417030e-01  -1.023978e+00  1.932263e+00  1.353531e+03  1.936232e-03  1.425637e-01  1.220313e-01  1.649251e-03  3.029877e-03  2.667064e-03  2.688141e-05  3.747835e-06  7.260920e-01  1.000000e+00  
1.000000e+04  7.600000e-03  3.394853e-01  -7.604821e-01  1.862097e+00  9.866165e+02  1.203346e-03  1.706235e-01  7.951399e-02  2.627396e-04  5.159293e-04  4.998397e-04  5.334312e-05  7.937430e-06  7.473193e-01  1.000000e+00  
1.000000e+04  7.800000e-03  5.166959e-01  -5.238847e-01  1.789724e+00  6.587193e+02  9.089277e-04  1.896929e-01  4.459443e-02  9.511931e-06  3.401463e-05  6.925191e-05  6.379881e-05  2.284283e-05  7.646043e-01  1.000000e+00  
1.000000e+04  7.950000e-03  7.185428e-01  -3.923390e-01  1.732227e+00  4.779028e+02  6.949569e-04  1.997434e-01  2.401050e-02  2.276037e-07  7.627909e-07  1.501986e-05  2.502267e-05  1.496591e-05  7.754952e-01  1.000000e+00  
1.000000e+04  8.050000e-03  8.714614e-01  -3.333421e-01  1.695866e+00  3.957820e+02  5.519529e-04  2.044302e-01  1.365101e-02  4.631574e-09  1.014754e-08  5.426623e-06  9.128674e-06  8.590932e-06  7.813437e-01  1.000000e+00  
1.000000e+04  8.150000e-03  9.939675e-01  -3.017043e-01  1.658723e+00  3.479628e+02  4.243439e-04  2.071963e-01  7.141870e-03  2.198755e-10  2.871997e-10  2.306488e-06  3.533958e-06  4.353775e-06  7.852273e-01  1.000000e+00  
1.000000e+04  8.250000e-03  1.073402e+00  -2.886143e-01  1.622322e+00  3.227168e+02  3.179706e-04  2.086644e-01  3.501780e-03  3.557067e-11  3.259873e-11  1.071692e-06  1.437594e-06  2.036311e-06  7.875113e-01  1.000000e+00  
1.000000e+04  8.350000e-03  1.117129e+00  -2.864146e-01  1.587425e+00  3.103396e+02  2.339391e-04  2.093833e-01  1.641318e-03  8.976271e-12  7.624165e-12  5.231866e-07  5.959510e-07  9.022259e-07  7.887394e-01  1.000000e+00  
1.000000e+04  8.500000e-03  1.142727e+00  -2.933873e-01  1.540263e+00  3.035392e+02  1.486425e-04  2.097789e-01  5.798397e-04  1.812914e-12  1.934228e-12  2.035607e-07  1.878399e-07  2.973746e-07  7.894920e-01  1.000000e+00  
1.000000e+04  8.700000e-03  1.152836e+00  -3.082692e-01  1.478321e+00  3.009459e+02  8.193017e-05  2.099333e-01  1.601869e-04  3.048103e-13  5.389346e-13  6.706702e-08  4.726243e-08  7.530375e-08  7.898244e-01  1.000000e+00  
1.000000e+04  8.900000e-03  1.155630e+00  -3.245469e-01  1.425989e+00  3.002426e+02  4.411444e-05  2.099784e-01  4.245367e-05  5.214551e-14  1.670067e-13  2.176034e-08  1.148371e-08  1.819470e-08  7.899350e-01  1.000000e+00  
1.000000e+04  9.150000e-03  1.156412e+00  -3.450637e-01  1.368121e+00  3.000500e+02  2.067175e-05  2.099932e-01  9.060655e-06  6.495081e-15  4.412034e-14  5.821450e-09  2.237857e-09  3.512401e-09  7.899771e-01  1.000000e+00  
1.000000e+04  9.400000e-03  1.156582e+00  -3.651725e-01  1.310125e+00  3.000099e+02  9.420091e-06  2.099975e-01  1.850718e-06  7.638305e-16  1.136711e-14  1.501712e-09  4.157624e-10  6.473150e-10  7.899912e-01  1.000000e+00  
1.000000e+04  9.600000e-03  1.156617e+00  -3.809198e-01  1.275667e+00  3.000022e+02  4.726776e-06  2.099989e-01  4.357709e-07  1.128827e-16  3.358699e-15  4.424528e-10  8.927506e-11  1.380017e-10  7.899959e-01  1.000000e+00  
1.000000e+04  9.850000e-03  1.156627e+00  -4.002202e-01  1.231271e+00  3.000004e+02  2.056541e-06  2.099996e-01  8.287706e-08  1.186354e-17  8.172051e-16  1.069518e-10  1.539593e-11  2.362612e-11  7.899983e-01  1.000000e+00  
1.000000e+04  1.025000e-02  1.156630e+00  -4.302537e-01  1.169238e+00  3.000000e+02  6.382793e-07  2.099999e-01  9.970879e-09  5.767053e-19  1.295910e-16  1.675689e-11  1.664946e-12  2.536398e-12  7.899995e-01  1.000000e+00  
1.000000e+04  1.075000e-02  1.156631e+00  -4.664363e-01  1.095231e+00  3.000000e+02  1.596982e-07  2.100000e-01  9.153323e-10  1.745090e-20  1.590906e-17  2.024265e-12  1.368032e-13  2.070360e-13  7.899999e-01  1.000000e+00  
1.000000e+04  1.140000e-02  1.156631e+00  -5.116392e-01  1.028108e+00  3.000000e+02  3.038777e-08  2.100000e-01  6.066251e-11  2.921845e-22  1.425085e-18  1.781963e-13  8.087980e-15  1.217045e-14  7.900000e-01  1.000000e+00  
1.000000e+04  1.215000e-02  1.156631e+00  -5.614605e-01  9.394983e-01  3.000000e+02  4.769322e-09  2.100000e-01  3.223024e-12  3.258815e-24  1.028907e-19  1.263733e-14  3.826581e-16  5.732062e-16  7.900000e-01  1.000000e+00  
1.000000e+04  1.275000e-02  1.156631e+00  -5.997688e-01  8.990475e-01  3.000000e+02  8.544768e-10  2.100000e-01  1.987048e-13  4.799930e-26  8.593856e-21  1.036984e-15  2.102633e-17  3.137174e-17  7.900000e-01  1.000000e+00  
1.000000e+04  1.325000e-02  1.156631e+00  -6.308483e-01  8.550918e-01  3.000000e+02  1.705471e-10  2.100000e-01  1.386250e-14  8.867100e-28  8.098089e-22  9.601862e-17  1.308517e-18  1.947684e-18  7.900000e-01  1.000000e+00  
1.000000e+04  1.375000e-02  1.156631e+00  -6.611780e-01  8.240699e-01  3.000000e+02  3.280926e-11  2.100000e-01  9.261211e-16  1.515066e-29  7.315524e-23  8.522577e-18  7.794773e-20  1.160118e-19  7.900000e-01  1.000000e+00  
1.000000e+04  1.425000e-02  1.156631e+00  -6.908373e-01  7.880420e-01  3.000000e+02  6.095938e-12  2.100000e-01  5.941346e-17  2.402848e-31  6.351654e-24  7.269963e-19  4.456991e-21  6.654878e-21  7.900000e-01  1.000000e+00  
1.000000e+04  1.475000e-02  1.156631e+00  -7.198623e-01  7.606474e-01  3.000000e+02  1.095908e-12  2.100000e-01  3.669236e-18  3.552058e-33  5.312493e-25  5.973571e-20  2.452331e-22  3.690655e-22  7.900000e-01  1.000000e+00  
1.000000e+04  1.525000e-02  1.156631e+00  -7.483090e-01  7.302153e-01  3.000000e+02  1.909473e-13  2.100000e-01  2.186350e-19  5.240665e-35  4.289042e-26  4.737611e-21  1.301338e-23  1.986651e-23  7.900000e-01  1.000000e+00  
1.000000e+04  1.575000e-02  1.156631e+00  -7.762072e-01  7.057899e-01  3.000000e+02  3.229348e-14  2.100000e-01  1.259608e-20  3.318627e-36  3.348636e-27  3.633338e-22  6.673868e-25  1.042649e-24  7.900000e-01  1.000000e+00  
1.000000e+04  1.625000e-02  1.156631e+00  -8.035981e-01  6.794924e-01  3.000000e+02  5.308805e-15  2.100000e-01  7.032569e-22  3.354943e-36  2.532464e-28  2.698963e-23  3.314868e-26  5.381281e-26  7.900000e-01  1.000000e+00  
1.000000e+04  1.700000e-02  1.156631e+00  -8.438763e-01  6.519034e-01  3.000000e+02  5.897457e-16  2.100000e-01  2.568937e-23  1.188142e-37  1.249770e-29  1.307593e-24  1.071863e-27  2.048738e-27  7.900000e-01  1.000000e+00  
1.000000e+04  1.775000e-02  1.156631e+00  -8.830067e-01  6.029797e-01  3.000000e+02  6.295497e-17  2.100000e-01  8.953291e-25  1.941080e-39  5.911646e-31  6.071906e-26  3.309707e-29  6.969311e-29  7.900000e-01  1.000000e+00  
1.000000e+04  1.825000e-02  1.156631e+00  -9.086109e-01  6.036346e-01  3.000000e+02  9.343051e-18  2.100000e-01  4.491413e-26  3.272281e-40  3.990065e-32  4.024738e-27  1.472472e-30  3.479072e-30  7.900000e-01  1.000000e+00  
1.000000e+04  1.875000e-02  1.156631e+00  -9.338576e-01  5.672155e-01  3.000000e+02  1.355000e-18  2.100000e-01  2.203905e-27  2.205465e-42  2.625168e-33  2.600398e-28  6.400864e-32  1.729187e-31  7.900000e-01  1.000000e+00  
1.000000e+04  1.925000e-02  1.156631e+00  -9.587103e-01  5.642472e-01  3.000000e+02  1.922664e-19  2.100000e-01  1.059891e-28  1.103282e-43  1.685442e-34  1.639478e-29  2.723725e-33  8.547123e-33  7.900000e-01  1.000000e+00  
1.000000e+04  1.975000e-02  1.156631e+00  -9.832309e-01  5.340025e-01  3.000000e+02  2.677815e-20  2.100000e-01  5.001842e-30  7.520386e-46  1.058384e-35  1.010927e-30  1.136314e-34  4.154837e-34  7.900000e-01  1.000000e+00  
1.000000e+04  2.000000e-02  1.156631e+00  -1.000000e+00  1.000000e+00  3.000000e+02  0.000000e+00  2.100000e-01  0.000000e+00  0.000000e+00  0.000000e+00  0.000000e+00  0.000000e+00  0.000000e+00  7.900000e-01  1.000000e+00  
