
!----------------------------------------------------------!
!               CamFlow  PREMIX Version 1.0                !
!        This program is distributed without any warranty  !
!            Author: Vinod M. J. (vj231@cam.ac.uk)         !
!----------------------------------------------------------!
	 Problem description.....
	 Number of species: 101
	 Total number of equations solving: 3914
	 Total number of variables solving: 103
	 Initializing solution vector...
	 Inlet valocity: 0.4101 m/s
	 Inlet temperature 300 K

	 Inlet species mass/mole fraction...
	----------------------------------------
	 C2H4	0.5
	 O2	0.5
 time (s) 
-----------
1.914673e-11
1.104467e-10
4.379271e-10
7.654075e-10
1.092888e-09
1.771663e-09
2.450438e-09
3.129213e-09
3.807988e-09
4.486763e-09
5.165538e-09
5.844313e-09
6.523088e-09
7.201863e-09
7.880639e-09
8.986847e-09
1.009306e-08
1.198939e-08
1.388573e-08
1.578207e-08
1.767841e-08
2.087269e-08
2.639144e-08
3.191019e-08
4.748847e-08
6.306676e-08
7.864504e-08
1.037340e-07
1.469527e-07
1.901715e-07
2.333902e-07
2.766089e-07
3.198276e-07
3.630463e-07
4.062650e-07
4.494837e-07
4.927024e-07
5.359211e-07
6.034042e-07
6.708873e-07
7.383703e-07
8.058534e-07
9.076687e-07
1.009484e-06
1.111299e-06
1.213115e-06
1.314930e-06
1.416745e-06
1.518561e-06
1.675990e-06
1.833419e-06
1.990849e-06
2.148278e-06
2.415354e-06
2.682430e-06
2.949506e-06
3.216583e-06
3.483659e-06
3.750735e-06
4.017811e-06
4.284887e-06
4.551963e-06
4.961030e-06
5.370097e-06
5.779165e-06
6.188232e-06
6.597299e-06
7.006366e-06
7.663575e-06
8.320783e-06
8.977992e-06
9.635201e-06
1.029241e-05
1.094962e-05
1.160683e-05
1.226404e-05
1.292124e-05
1.357845e-05
1.423566e-05
1.489287e-05
1.555008e-05
1.620729e-05
1.686450e-05
1.752170e-05
1.817891e-05
1.883612e-05
1.949333e-05
2.015054e-05
2.080775e-05
2.146496e-05
2.212217e-05
2.277937e-05
2.343658e-05
2.409379e-05
2.475100e-05
2.540821e-05
2.606542e-05
2.672263e-05
2.737983e-05
2.785752e-05
2.833520e-05
2.881289e-05
2.929057e-05
2.976826e-05
3.024594e-05
3.072363e-05
3.120131e-05
3.167900e-05
3.215669e-05
3.263437e-05
3.298696e-05
3.333955e-05
3.369214e-05
3.394751e-05
3.420287e-05
3.445823e-05
3.462973e-05
3.475670e-05
3.488368e-05
3.501066e-05
3.513764e-05
3.526462e-05
3.539159e-05
3.551857e-05
3.564555e-05
3.577253e-05
3.589951e-05
3.611191e-05
3.632432e-05
3.653672e-05
3.674912e-05
3.696153e-05
3.717393e-05
3.738634e-05
3.759874e-05
3.781115e-05
3.802355e-05
3.823596e-05
3.844836e-05
3.860082e-05
3.875329e-05
3.890575e-05
3.905822e-05
3.921068e-05
3.931829e-05
3.942589e-05
3.953350e-05
3.964111e-05
3.974871e-05
3.985632e-05
3.993388e-05
4.001144e-05
4.008900e-05
4.016655e-05
4.024411e-05
4.032167e-05
4.039923e-05
4.047679e-05
4.055435e-05
4.061106e-05
4.066777e-05
4.072448e-05
4.078120e-05
4.083791e-05
4.089462e-05
4.095133e-05
4.100805e-05
4.106476e-05
4.112147e-05
4.117818e-05
4.123490e-05
4.129161e-05
4.134832e-05
4.139018e-05
4.143205e-05
4.147391e-05
4.151577e-05
4.155763e-05
4.159949e-05
4.164136e-05
4.168322e-05
4.172508e-05
4.176694e-05
4.183764e-05
4.190834e-05
4.197904e-05
4.204974e-05
4.212044e-05
4.228234e-05
4.244424e-05
4.260614e-05
4.276804e-05
4.292995e-05
4.309185e-05
4.345272e-05
4.381360e-05
4.417448e-05
4.453536e-05
4.489623e-05
4.525711e-05
4.561799e-05
4.597887e-05
4.633974e-05
4.670062e-05
4.706150e-05
4.742238e-05
4.778325e-05
4.814413e-05
4.850501e-05
4.886589e-05
4.922676e-05
4.958764e-05
4.994852e-05
5.030940e-05
5.067027e-05
5.103115e-05
5.139203e-05
5.175291e-05
5.211378e-05
5.247466e-05
5.283554e-05
5.319642e-05
5.355729e-05
5.391817e-05
5.427905e-05
5.463993e-05
5.500080e-05
5.536168e-05
5.572256e-05
5.608344e-05
5.644431e-05
5.680519e-05
5.716607e-05
5.752695e-05
5.788782e-05
5.824870e-05
5.860958e-05
5.897046e-05
5.933133e-05
5.969221e-05
6.005309e-05
6.041397e-05
6.077484e-05
6.113572e-05
6.149660e-05
6.185748e-05
6.221835e-05
6.257923e-05
6.294011e-05
6.330099e-05
6.366186e-05
6.402274e-05
6.438362e-05
6.474450e-05
6.510537e-05
6.546625e-05
6.582713e-05
6.618801e-05
6.654888e-05
6.690976e-05
6.727064e-05
6.763152e-05
6.799239e-05
6.835327e-05
6.871415e-05
6.896381e-05
6.921346e-05
6.946312e-05
6.971278e-05
6.996244e-05
7.021209e-05
7.059767e-05
7.098326e-05
7.136884e-05
7.175442e-05
7.214000e-05
7.252558e-05
7.291116e-05
7.329674e-05
7.368232e-05
7.406790e-05
7.445348e-05
7.483906e-05
7.522464e-05
7.561022e-05
7.599580e-05
7.638138e-05
7.676696e-05
7.715254e-05
7.753812e-05
7.792370e-05
7.816747e-05
7.832535e-05
7.848323e-05
7.864111e-05
7.879900e-05
7.895688e-05
7.911476e-05
7.927264e-05
7.943053e-05
7.958841e-05
7.974629e-05
7.990417e-05
8.006205e-05
8.021994e-05
8.037782e-05
8.053570e-05
8.069358e-05
8.085146e-05
8.100935e-05
8.116723e-05
8.132511e-05
8.142892e-05
8.149840e-05
8.156789e-05
8.163737e-05
8.170686e-05
8.177635e-05
8.184583e-05
8.191532e-05
8.198480e-05
8.205429e-05
8.212377e-05
8.219326e-05
8.226274e-05
8.233223e-05
8.240171e-05
8.247120e-05
8.254068e-05
8.261017e-05
8.267965e-05
8.274914e-05
8.281862e-05
8.288811e-05
8.295759e-05
8.302708e-05
8.307525e-05
8.312343e-05
8.317160e-05
8.321977e-05
8.326795e-05
8.330127e-05
8.333460e-05
8.336793e-05
8.340125e-05
8.343458e-05
8.347717e-05
8.351975e-05
8.356234e-05
8.360493e-05
8.364752e-05
8.369010e-05
8.373269e-05
8.377528e-05
8.381786e-05
8.386045e-05
8.390304e-05
8.394563e-05
8.398821e-05
8.403080e-05
8.407339e-05
8.411598e-05
8.415856e-05
8.420115e-05
8.424374e-05
8.428633e-05
8.435635e-05
8.442637e-05
8.449639e-05
8.463971e-05
8.478304e-05
8.504138e-05
8.529973e-05
8.555807e-05
8.581642e-05
8.620935e-05
8.660227e-05
8.699520e-05
8.738813e-05
8.803270e-05
8.867727e-05
8.932184e-05
8.996642e-05
9.061099e-05
9.125556e-05
9.190013e-05
9.254470e-05
9.318927e-05
9.383385e-05
9.428211e-05
9.473038e-05
9.517865e-05
9.562692e-05
9.607519e-05
9.652346e-05
9.697173e-05
9.767143e-05
9.837112e-05
9.907082e-05
9.977052e-05
1.004702e-04
1.011699e-04
1.016440e-04
1.019749e-04
1.023058e-04
1.026366e-04
1.029675e-04
1.032984e-04
1.036292e-04
1.039601e-04
1.042910e-04
1.046218e-04
1.049527e-04
1.052836e-04
1.056144e-04
1.059453e-04
1.062762e-04
1.066070e-04
1.069379e-04
1.072688e-04
1.075996e-04
1.078191e-04
1.079667e-04
1.081143e-04
1.082619e-04
1.085403e-04
1.088187e-04
1.090971e-04
1.093755e-04
1.096539e-04
1.099322e-04
1.102106e-04
1.104890e-04
1.107674e-04
1.110458e-04
1.113242e-04
1.116026e-04
1.118810e-04
1.121594e-04
1.124378e-04
1.127162e-04
1.129945e-04
1.132729e-04
1.135513e-04
1.138297e-04
1.141081e-04
1.143865e-04
1.146649e-04
1.152415e-04
1.158181e-04
1.163947e-04
1.169713e-04
1.175479e-04
1.181245e-04
1.187011e-04
1.192777e-04
1.198543e-04
1.204309e-04
1.210075e-04
1.215842e-04
1.221608e-04
1.227374e-04
1.233140e-04
1.238906e-04
1.244672e-04
1.250438e-04
1.256204e-04
1.261970e-04
1.267736e-04
1.273502e-04
1.279268e-04
1.289388e-04
1.299508e-04
1.309628e-04
1.319748e-04
1.336549e-04
1.353351e-04
1.370153e-04
1.386955e-04
1.403757e-04
1.420558e-04
1.437360e-04
1.454162e-04
1.470964e-04
1.499746e-04
1.528528e-04
1.557310e-04
1.586092e-04
1.614874e-04
1.643656e-04
1.672438e-04
1.701220e-04
1.730002e-04
1.758784e-04
1.787566e-04
1.816348e-04
1.845130e-04
1.873912e-04
1.894454e-04
1.914996e-04
1.935538e-04
1.956081e-04
1.976623e-04
1.997165e-04
2.012353e-04
2.027541e-04
2.042728e-04
2.053740e-04
2.061695e-04
2.069650e-04
2.077606e-04
2.085561e-04
2.093517e-04
2.101472e-04
2.107213e-04
2.112955e-04
2.118697e-04
2.122853e-04
2.127010e-04
2.131166e-04
2.134173e-04
2.136367e-04
2.138561e-04
2.140755e-04
2.142949e-04
2.145142e-04
2.149348e-04
2.153553e-04
2.157758e-04
2.161964e-04
2.170424e-04
2.186380e-04
2.202336e-04
2.218292e-04
2.234248e-04
2.259017e-04
2.283787e-04
2.308557e-04
2.333327e-04
2.374157e-04
2.414988e-04
2.455819e-04
2.496650e-04
2.537480e-04
2.578311e-04
2.619142e-04
2.659973e-04
2.700803e-04
2.741634e-04
2.782465e-04
2.810005e-04
2.837545e-04
2.865085e-04
2.892624e-04
2.920164e-04
2.947704e-04
2.975244e-04
3.002784e-04
3.030324e-04
3.057864e-04
3.085404e-04
3.112944e-04
3.140483e-04
3.168023e-04
3.195563e-04
3.223103e-04
3.250643e-04
3.278183e-04
3.297412e-04
3.316641e-04
3.335870e-04
3.355099e-04
3.368284e-04
3.381468e-04
3.394652e-04
3.407837e-04
3.421021e-04
3.434205e-04
3.447390e-04
3.460574e-04
3.473759e-04
3.486943e-04
3.500127e-04
3.513312e-04
3.526496e-04
3.539821e-04
3.553146e-04
3.566471e-04
3.579796e-04
3.593121e-04
3.606446e-04
3.627130e-04
3.647814e-04
3.685166e-04
3.744774e-04
3.804382e-04
3.863989e-04
3.955750e-04
4.047510e-04
4.139270e-04
4.231030e-04
4.322790e-04
4.414550e-04
4.506310e-04
4.598071e-04
4.657310e-04
4.697264e-04
4.737217e-04
4.777171e-04
4.817124e-04
4.857078e-04
4.884212e-04
4.903108e-04
4.922005e-04
4.940901e-04
4.959797e-04
4.978693e-04
4.997589e-04
5.016486e-04
5.035382e-04
5.048062e-04
5.056820e-04
5.065577e-04
5.074334e-04
5.083091e-04
5.091849e-04
5.100606e-04
5.109363e-04
5.118120e-04
5.126878e-04
5.135635e-04
5.144392e-04
5.160183e-04
5.175974e-04
5.191765e-04
5.207556e-04
5.239230e-04
5.270903e-04
5.302577e-04
5.334250e-04
5.365924e-04
5.397597e-04
5.429270e-04
5.460944e-04
5.492617e-04
5.524291e-04
5.555964e-04
5.587638e-04
5.619311e-04
5.650984e-04
5.682658e-04
5.714331e-04
5.746005e-04
5.777678e-04
5.809352e-04
5.841025e-04
5.872698e-04
5.904372e-04
5.936045e-04
5.986870e-04
6.037694e-04
6.148166e-04
6.258639e-04
6.369111e-04
6.479583e-04
6.590056e-04
6.700528e-04
6.904949e-04
7.109371e-04
7.313792e-04
7.518214e-04
7.722635e-04
7.927057e-04
8.131478e-04
8.335900e-04
8.540321e-04
8.744743e-04
8.949164e-04
9.153586e-04
9.358007e-04
9.562429e-04
9.700260e-04
9.838092e-04
9.975923e-04
1.011375e-03
1.025159e-03
1.038942e-03
1.052725e-03
1.066508e-03
1.080291e-03
1.089871e-03
1.099451e-03
1.109030e-03
1.118610e-03
1.128190e-03
1.134538e-03
1.138834e-03
1.143131e-03
1.147427e-03
1.157272e-03
1.167117e-03
1.176962e-03
1.186806e-03
1.196651e-03
1.206496e-03
1.216341e-03
1.226186e-03
1.236031e-03
1.245876e-03
1.255721e-03
1.265566e-03
1.275411e-03
1.285256e-03
1.295101e-03
1.304946e-03
1.314791e-03
1.324636e-03
1.334481e-03
1.344326e-03
1.359133e-03
1.373940e-03
1.388747e-03
1.403554e-03
1.418361e-03
1.433168e-03
1.447974e-03
1.462781e-03
1.477588e-03
1.492395e-03
1.507202e-03
1.522009e-03
1.536816e-03
1.551623e-03
1.566430e-03
1.581237e-03
1.596044e-03
1.610851e-03
1.625658e-03
1.640465e-03
1.655272e-03
1.670079e-03
1.684886e-03
1.699693e-03
1.714500e-03
1.755535e-03
1.796569e-03
1.837603e-03
1.878637e-03
1.944854e-03
2.011070e-03
2.077287e-03
2.143504e-03
2.209720e-03
2.275937e-03
2.342154e-03
2.408371e-03
2.474587e-03
2.540804e-03
2.640448e-03
2.740093e-03
2.839737e-03
2.939382e-03
3.039026e-03
3.138671e-03
3.238315e-03
3.337959e-03
3.495195e-03
3.652430e-03
3.809665e-03
3.966900e-03
4.124135e-03
4.281370e-03
4.438606e-03
4.595841e-03
4.753076e-03
4.910311e-03
5.067546e-03
5.224781e-03
5.382016e-03
5.539252e-03
5.696487e-03
5.853722e-03
6.010957e-03
6.168192e-03
6.325427e-03
6.482663e-03
6.639898e-03
6.797133e-03
6.954368e-03
7.111603e-03
7.268838e-03
7.426074e-03
7.583309e-03
7.740544e-03
7.897779e-03
8.055014e-03
8.164269e-03
8.273524e-03
8.382780e-03
8.492035e-03
8.601290e-03
8.768191e-03
8.935093e-03
9.101995e-03
9.407697e-03
9.713399e-03
1.001910e-02
1.057325e-02
1.112740e-02
1.168154e-02
1.223569e-02
1.278984e-02
1.334398e-02
1.389813e-02
1.445228e-02
1.500643e-02
1.587546e-02
1.674450e-02
1.761354e-02
1.848257e-02
1.935161e-02
2.022065e-02
2.108969e-02
2.195872e-02
2.282776e-02
2.369680e-02
2.505581e-02
2.641482e-02
2.777384e-02
2.913285e-02
3.049186e-02
3.271406e-02
3.493626e-02
3.715846e-02
4.073148e-02
4.430451e-02
4.787753e-02
5.145055e-02
5.502357e-02
5.859659e-02
6.216961e-02
6.574264e-02
6.931566e-02
7.288868e-02
7.646170e-02
8.003472e-02
8.360774e-02
8.718077e-02
9.075379e-02
9.432681e-02
9.789983e-02
1.014729e-01
1.050459e-01
1.086189e-01
1.121919e-01
1.157649e-01
1.193380e-01
1.229110e-01
1.264840e-01
1.300570e-01
1.376362e-01
1.452154e-01
1.527946e-01
1.603738e-01
1.747302e-01
2.262057e-01
3.294696e-01
4.327335e-01
5.359975e-01
9.600658e-01
1.785086e+00
3.055546e+00
7.581191e+00
1.962652e+01
1.400798e+02
1.344613e+03
1.338994e+04
1.338433e+05
Camflow end of execution..

real	17m58.285s
user	17m58.243s
sys	0m0.080s
