time          rho           T             O2            NO            NO2           N2            O             sumfracs      
0.000000e+00  3.267356e-01  1.073150e+03  0.000000e+00  0.000000e+00  1.000000e-01  9.000000e-01  0.000000e+00  1.000000e+00  
1.390852e-07  3.267355e-01  1.073150e+03  5.327961e-08  9.993380e-08  9.999985e-02  9.000000e-01  5.585802e-12  1.000000e+00  
3.175416e-05  3.267319e-01  1.073150e+03  1.215809e-05  2.280192e-05  9.996504e-02  9.000000e-01  1.348409e-11  1.000000e+00  
2.149599e-04  3.267111e-01  1.073150e+03  8.201813e-05  1.538210e-04  9.976416e-02  9.000000e-01  1.307917e-11  1.000000e+00  
3.981657e-04  3.266904e-01  1.073150e+03  1.515939e-04  2.843070e-04  9.956410e-02  9.000000e-01  1.307743e-11  1.000000e+00  
8.566753e-04  3.266390e-01  1.073150e+03  3.245467e-04  6.086715e-04  9.906678e-02  9.000000e-01  1.308112e-11  1.000000e+00  
1.315185e-03  3.265880e-01  1.073150e+03  4.959498e-04  9.301298e-04  9.857392e-02  9.000000e-01  1.308326e-11  1.000000e+00  
1.773694e-03  3.265375e-01  1.073150e+03  6.656955e-04  1.248480e-03  9.808582e-02  9.000000e-01  1.308508e-11  1.000000e+00  
2.560630e-03  3.264521e-01  1.073150e+03  9.531275e-04  1.787544e-03  9.725933e-02  9.000000e-01  1.308866e-11  1.000000e+00  
4.452421e-03  3.262526e-01  1.073150e+03  1.624717e-03  3.047078e-03  9.532821e-02  9.000000e-01  1.309797e-11  1.000000e+00  
6.344213e-03  3.260612e-01  1.073150e+03  2.269927e-03  4.257139e-03  9.347293e-02  9.000000e-01  1.310812e-11  1.000000e+00  
8.236004e-03  3.258775e-01  1.073150e+03  2.890191e-03  5.420413e-03  9.168940e-02  9.000000e-01  1.311896e-11  1.000000e+00  
1.012779e-02  3.257009e-01  1.073150e+03  3.486907e-03  6.539525e-03  8.997357e-02  9.000000e-01  1.313066e-11  1.000000e+00  
1.201959e-02  3.255310e-01  1.073150e+03  4.061392e-03  7.616943e-03  8.832166e-02  9.000000e-01  1.314316e-11  1.000000e+00  
1.504230e-02  3.252727e-01  1.073150e+03  4.936199e-03  9.257601e-03  8.580620e-02  9.000000e-01  1.316458e-11  1.000000e+00  
1.806501e-02  3.250294e-01  1.073150e+03  5.761614e-03  1.080563e-02  8.343276e-02  9.000000e-01  1.318740e-11  1.000000e+00  
2.108772e-02  3.247997e-01  1.073150e+03  6.541805e-03  1.226884e-02  8.118936e-02  9.000000e-01  1.321175e-11  1.000000e+00  
2.411043e-02  3.245825e-01  1.073150e+03  7.280562e-03  1.365434e-02  7.906510e-02  9.000000e-01  1.323770e-11  1.000000e+00  
2.713314e-02  3.243768e-01  1.073150e+03  7.981204e-03  1.496836e-02  7.705043e-02  9.000000e-01  1.326480e-11  1.000000e+00  
3.015586e-02  3.241817e-01  1.073150e+03  8.646651e-03  1.621637e-02  7.513697e-02  9.000000e-01  1.329272e-11  1.000000e+00  
3.496550e-02  3.238911e-01  1.073150e+03  9.639201e-03  1.807785e-02  7.228294e-02  9.000000e-01  1.333945e-11  1.000000e+00  
3.977514e-02  3.236225e-01  1.073150e+03  1.055839e-02  1.980174e-02  6.963987e-02  9.000000e-01  1.338931e-11  1.000000e+00  
4.458479e-02  3.233733e-01  1.073150e+03  1.141217e-02  2.140297e-02  6.718485e-02  9.000000e-01  1.344088e-11  1.000000e+00  
4.939443e-02  3.231416e-01  1.073150e+03  1.220731e-02  2.289422e-02  6.489847e-02  9.000000e-01  1.349252e-11  1.000000e+00  
5.740065e-02  3.227899e-01  1.073150e+03  1.341654e-02  2.516207e-02  6.142138e-02  9.000000e-01  1.358389e-11  1.000000e+00  
6.540687e-02  3.224749e-01  1.073150e+03  1.450188e-02  2.719757e-02  5.830055e-02  9.000000e-01  1.368477e-11  1.000000e+00  
7.341310e-02  3.221911e-01  1.073150e+03  1.548138e-02  2.903457e-02  5.548405e-02  9.000000e-01  1.378427e-11  1.000000e+00  
8.141932e-02  3.219342e-01  1.073150e+03  1.636976e-02  3.070070e-02  5.292953e-02  9.000000e-01  1.387125e-11  1.000000e+00  
8.942554e-02  3.217004e-01  1.073150e+03  1.717927e-02  3.221889e-02  5.060183e-02  9.000000e-01  1.396193e-11  1.000000e+00  
9.743176e-02  3.214868e-01  1.073150e+03  1.792008e-02  3.360824e-02  4.847167e-02  9.000000e-01  1.409852e-11  1.000000e+00  
1.054380e-01  3.212907e-01  1.073150e+03  1.860065e-02  3.488461e-02  4.651474e-02  9.000000e-01  1.428381e-11  1.000000e+00  
1.134442e-01  3.211102e-01  1.073150e+03  1.922805e-02  3.606127e-02  4.471067e-02  9.000000e-01  1.440905e-11  1.000000e+00  
1.214504e-01  3.209435e-01  1.073150e+03  1.980830e-02  3.714950e-02  4.304220e-02  9.000000e-01  1.432838e-11  1.000000e+00  
1.349228e-01  3.206898e-01  1.073150e+03  2.069222e-02  3.880725e-02  4.050052e-02  9.000000e-01  1.376837e-11  1.000000e+00  
1.483952e-01  3.204649e-01  1.073150e+03  2.147715e-02  4.027934e-02  3.824350e-02  9.000000e-01  1.407434e-11  1.000000e+00  
1.618676e-01  3.202641e-01  1.073150e+03  2.217868e-02  4.159503e-02  3.622628e-02  9.000000e-01  1.713095e-11  1.000000e+00  
1.753400e-01  3.200838e-01  1.073150e+03  2.280933e-02  4.277778e-02  3.441288e-02  9.000000e-01  2.084431e-11  1.000000e+00  
1.888125e-01  3.199210e-01  1.073150e+03  2.337953e-02  4.384717e-02  3.277329e-02  9.000000e-01  1.495906e-11  1.000000e+00  
2.022849e-01  3.197732e-01  1.073150e+03  2.389782e-02  4.481921e-02  3.128296e-02  9.000000e-01  1.122809e-11  1.000000e+00  
2.225217e-01  3.195750e-01  1.073150e+03  2.459333e-02  4.612360e-02  2.928307e-02  9.000000e-01  6.530930e-11  1.000000e+00  
2.427585e-01  3.194009e-01  1.073150e+03  2.520502e-02  4.727079e-02  2.752418e-02  9.000000e-01  3.253876e-11  1.000000e+00  
2.629953e-01  3.192469e-01  1.073150e+03  2.574672e-02  4.828673e-02  2.596654e-02  9.000000e-01  2.115529e-10  1.000000e+00  
2.832321e-01  3.191097e-01  1.073150e+03  2.622966e-02  4.919246e-02  2.457786e-02  9.000000e-01  6.149425e-10  1.000000e+00  
3.034689e-01  3.189866e-01  1.073150e+03  2.666324e-02  5.000561e-02  2.333113e-02  9.000000e-01  7.358903e-10  1.000000e+00  
3.237057e-01  3.188755e-01  1.073150e+03  2.705509e-02  5.074050e-02  2.220440e-02  9.000000e-01  1.972685e-10  1.000000e+00  
3.616099e-01  3.186934e-01  1.073150e+03  2.769747e-02  5.194524e-02  2.035726e-02  9.000000e-01  5.667864e-09  1.000000e+00  
3.995142e-01  3.185385e-01  1.073150e+03  2.824492e-02  5.297198e-02  1.878296e-02  9.000000e-01  1.387157e-08  9.999998e-01  
4.374184e-01  3.184052e-01  1.073150e+03  2.871582e-02  5.385519e-02  1.742865e-02  9.000000e-01  1.780652e-08  9.999996e-01  
4.753226e-01  3.182908e-01  1.073150e+03  2.912055e-02  5.461429e-02  1.626465e-02  9.000000e-01  4.932150e-09  9.999995e-01  
5.132269e-01  3.181943e-01  1.073150e+03  2.946241e-02  5.525546e-02  1.528168e-02  9.000000e-01  3.641115e-08  9.999996e-01  
5.511311e-01  3.181162e-01  1.073150e+03  2.973922e-02  5.577453e-02  1.448635e-02  9.000000e-01  1.003673e-07  1.000000e+00  
5.547410e-01  3.181091e-01  1.073150e+03  2.976480e-02  5.582229e-02  1.441315e-02  9.000000e-01  2.385051e-10  1.000000e+00  
5.583508e-01  3.181012e-01  1.073150e+03  2.979251e-02  5.587427e-02  1.433346e-02  9.000000e-01  3.855986e-10  1.000000e+00  
5.619607e-01  3.180933e-01  1.073150e+03  2.982079e-02  5.592728e-02  1.425217e-02  9.000000e-01  1.731806e-08  1.000000e+00  
5.655706e-01  3.180856e-01  1.073150e+03  2.984799e-02  5.597834e-02  1.417389e-02  9.000000e-01  1.339613e-08  1.000000e+00  
5.691804e-01  3.180781e-01  1.073150e+03  2.987466e-02  5.602832e-02  1.409726e-02  9.000000e-01  4.715024e-09  1.000000e+00  
5.727903e-01  3.180706e-01  1.073150e+03  2.990097e-02  5.607769e-02  1.402157e-02  9.000000e-01  2.588183e-09  1.000000e+00  
5.764002e-01  3.180632e-01  1.073150e+03  2.992718e-02  5.612684e-02  1.394622e-02  9.000000e-01  8.700647e-10  1.000000e+00  
5.837216e-01  3.180485e-01  1.073150e+03  2.997952e-02  5.622500e-02  1.379572e-02  9.000000e-01  1.110278e-11  1.000000e+00  
5.910430e-01  3.180339e-01  1.073150e+03  3.003131e-02  5.632211e-02  1.364682e-02  9.000000e-01  9.496247e-09  1.000000e+00  
5.983644e-01  3.180196e-01  1.073150e+03  3.008205e-02  5.641729e-02  1.350090e-02  9.000000e-01  4.612821e-09  1.000000e+00  
6.056858e-01  3.180057e-01  1.073150e+03  3.013133e-02  5.650972e-02  1.335919e-02  9.000000e-01  1.551290e-09  1.000000e+00  
6.196831e-01  3.179799e-01  1.073150e+03  3.022272e-02  5.668111e-02  1.309641e-02  9.000000e-01  7.543109e-11  1.000000e+00  
6.336804e-01  3.179550e-01  1.073150e+03  3.031102e-02  5.684670e-02  1.284252e-02  9.000000e-01  5.843743e-09  1.000000e+00  
6.476776e-01  3.179311e-01  1.073150e+03  3.039573e-02  5.700557e-02  1.259894e-02  9.000000e-01  1.269680e-09  1.000000e+00  
6.616749e-01  3.179083e-01  1.073150e+03  3.047659e-02  5.715725e-02  1.236639e-02  9.000000e-01  3.114775e-09  1.000000e+00  
6.756722e-01  3.178864e-01  1.073150e+03  3.055448e-02  5.730331e-02  1.214244e-02  9.000000e-01  3.464445e-10  1.000000e+00  
6.896694e-01  3.178651e-01  1.073150e+03  3.062992e-02  5.744479e-02  1.192553e-02  9.000000e-01  2.719831e-09  1.000000e+00  
7.036667e-01  3.178447e-01  1.073150e+03  3.070255e-02  5.758102e-02  1.171666e-02  9.000000e-01  7.597805e-10  1.000000e+00  
7.176640e-01  3.178250e-01  1.073150e+03  3.077233e-02  5.771189e-02  1.151601e-02  9.000000e-01  2.562549e-09  1.000000e+00  
7.464745e-01  3.177864e-01  1.073150e+03  3.090946e-02  5.796906e-02  1.112172e-02  9.000000e-01  5.565848e-10  1.000000e+00  
7.752850e-01  3.177504e-01  1.073150e+03  3.103746e-02  5.820912e-02  1.075366e-02  9.000000e-01  1.881709e-10  1.000000e+00  
8.040955e-01  3.177167e-01  1.073150e+03  3.115688e-02  5.843309e-02  1.041027e-02  9.000000e-01  9.517810e-10  1.000000e+00  
8.487489e-01  3.176688e-01  1.073150e+03  3.132737e-02  5.875282e-02  9.920043e-03  9.000000e-01  3.968483e-10  1.000000e+00  
8.934023e-01  3.176250e-01  1.073150e+03  3.148284e-02  5.904440e-02  9.472989e-03  9.000000e-01  1.771433e-09  1.000000e+00  
9.380557e-01  3.175850e-01  1.073150e+03  3.162513e-02  5.931125e-02  9.063859e-03  9.000000e-01  1.652774e-09  1.000000e+00  
9.827090e-01  3.175486e-01  1.073150e+03  3.175459e-02  5.955407e-02  8.691575e-03  9.000000e-01  1.701763e-09  1.000000e+00  
1.027362e+00  3.175155e-01  1.073150e+03  3.187231e-02  5.977484e-02  8.353076e-03  9.000000e-01  3.701784e-09  1.000000e+00  
1.072016e+00  3.174848e-01  1.073150e+03  3.198147e-02  5.997955e-02  8.039219e-03  9.000000e-01  1.265822e-11  1.000000e+00  
1.116669e+00  3.174557e-01  1.073150e+03  3.208506e-02  6.017383e-02  7.741349e-03  9.000000e-01  6.016881e-09  1.000000e+00  
1.161323e+00  3.174283e-01  1.073150e+03  3.218261e-02  6.035677e-02  7.460860e-03  9.000000e-01  5.186193e-09  1.000000e+00  
1.205976e+00  3.174036e-01  1.073150e+03  3.227031e-02  6.052128e-02  7.208635e-03  9.000000e-01  5.507002e-09  1.000000e+00  
1.250629e+00  3.173821e-01  1.073150e+03  3.234681e-02  6.066476e-02  6.988659e-03  9.000000e-01  1.442923e-08  1.000000e+00  
1.275684e+00  3.173706e-01  1.073150e+03  3.238779e-02  6.074159e-02  6.870850e-03  9.000000e-01  3.696604e-09  1.000000e+00  
1.300738e+00  3.173582e-01  1.073150e+03  3.243229e-02  6.082502e-02  6.742945e-03  9.000000e-01  1.764516e-08  1.000000e+00  
1.314485e+00  3.173515e-01  1.073150e+03  3.245609e-02  6.086969e-02  6.674458e-03  9.000000e-01  1.806114e-11  1.000000e+00  
1.328232e+00  3.173451e-01  1.073150e+03  3.247861e-02  6.091192e-02  6.609699e-03  9.000000e-01  3.986387e-11  1.000000e+00  
1.341979e+00  3.173390e-01  1.073150e+03  3.250033e-02  6.095266e-02  6.547247e-03  9.000000e-01  4.108298e-10  1.000000e+00  
1.355725e+00  3.173331e-01  1.073150e+03  3.252148e-02  6.099232e-02  6.486433e-03  9.000000e-01  2.915569e-10  1.000000e+00  
1.369472e+00  3.173273e-01  1.073150e+03  3.254222e-02  6.103121e-02  6.426807e-03  9.000000e-01  1.284288e-10  1.000000e+00  
1.394474e+00  3.173170e-01  1.073150e+03  3.257898e-02  6.110017e-02  6.321086e-03  9.000000e-01  3.246719e-10  1.000000e+00  
1.419475e+00  3.173070e-01  1.073150e+03  3.261461e-02  6.116698e-02  6.218654e-03  9.000000e-01  2.912221e-10  1.000000e+00  
1.463721e+00  3.172901e-01  1.073150e+03  3.267474e-02  6.127975e-02  6.045741e-03  9.000000e-01  2.536837e-11  1.000000e+00  
1.507967e+00  3.172741e-01  1.073150e+03  3.273173e-02  6.138664e-02  5.881859e-03  9.000000e-01  1.157958e-09  1.000000e+00  
1.552213e+00  3.172588e-01  1.073150e+03  3.278605e-02  6.148850e-02  5.725684e-03  9.000000e-01  1.475083e-09  1.000000e+00  
1.596459e+00  3.172445e-01  1.073150e+03  3.283708e-02  6.158422e-02  5.578939e-03  9.000000e-01  8.432633e-10  1.000000e+00  
1.640705e+00  3.172311e-01  1.073150e+03  3.288480e-02  6.167371e-02  5.441729e-03  9.000000e-01  1.190304e-09  1.000000e+00  
1.684951e+00  3.172182e-01  1.073150e+03  3.293071e-02  6.175982e-02  5.309709e-03  9.000000e-01  2.165028e-09  1.000000e+00  
1.729197e+00  3.172059e-01  1.073150e+03  3.297469e-02  6.184230e-02  5.183249e-03  9.000000e-01  3.028023e-10  1.000000e+00  
1.773444e+00  3.171947e-01  1.073150e+03  3.301462e-02  6.191720e-02  5.068401e-03  9.000000e-01  6.023101e-09  1.000000e+00  
1.817690e+00  3.171841e-01  1.073150e+03  3.305245e-02  6.198813e-02  4.959661e-03  9.000000e-01  3.797080e-10  1.000000e+00  
1.861936e+00  3.171727e-01  1.073150e+03  3.309317e-02  6.206448e-02  4.842591e-03  9.000000e-01  1.283250e-08  1.000000e+00  
1.890064e+00  3.171655e-01  1.073150e+03  3.311881e-02  6.211259e-02  4.768831e-03  9.000000e-01  1.009818e-09  1.000000e+00  
1.918191e+00  3.171590e-01  1.073150e+03  3.314178e-02  6.215567e-02  4.702775e-03  9.000000e-01  1.526615e-09  1.000000e+00  
1.946319e+00  3.171530e-01  1.073150e+03  3.316337e-02  6.219616e-02  4.640708e-03  9.000000e-01  2.035059e-09  1.000000e+00  
1.974447e+00  3.171472e-01  1.073150e+03  3.318390e-02  6.223467e-02  4.581656e-03  9.000000e-01  2.127630e-09  1.000000e+00  
2.002575e+00  3.171422e-01  1.073150e+03  3.320182e-02  6.226828e-02  4.530124e-03  9.000000e-01  1.187986e-08  1.000000e+00  
2.030702e+00  3.171372e-01  1.073150e+03  3.321956e-02  6.230154e-02  4.479138e-03  9.000000e-01  8.993979e-10  1.000000e+00  
2.058830e+00  3.171306e-01  1.073150e+03  3.324318e-02  6.234579e-02  4.411290e-03  9.000000e-01  2.638932e-08  1.000000e+00  
2.075858e+00  3.171264e-01  1.073150e+03  3.325821e-02  6.237401e-02  4.368017e-03  9.000000e-01  4.049719e-09  1.000000e+00  
2.092885e+00  3.171243e-01  1.073150e+03  3.326558e-02  6.238794e-02  4.346671e-03  9.000000e-01  4.589453e-08  1.000000e+00  
2.103005e+00  3.171235e-01  1.073150e+03  3.326856e-02  6.239344e-02  4.338231e-03  9.000000e-01  7.136378e-09  1.000000e+00  
2.113124e+00  3.171205e-01  1.073150e+03  3.327928e-02  6.241339e-02  4.307650e-03  9.000000e-01  8.088115e-08  1.000000e+00  
2.119082e+00  3.171183e-01  1.073150e+03  3.328690e-02  6.242781e-02  4.285530e-03  9.000000e-01  1.357133e-08  1.000000e+00  
2.125039e+00  3.171184e-01  1.073150e+03  3.328637e-02  6.242710e-02  4.286626e-03  9.000000e-01  1.414599e-07  1.000000e+00  
2.128518e+00  3.171189e-01  1.073150e+03  3.328481e-02  6.242396e-02  4.291433e-03  9.000000e-01  2.375932e-08  1.000000e+00  
2.131998e+00  3.171171e-01  1.073150e+03  3.329179e-02  6.243653e-02  4.272163e-03  9.000000e-01  2.510814e-07  1.000000e+00  
2.134016e+00  3.171156e-01  1.073150e+03  3.329683e-02  6.244637e-02  4.257081e-03  9.000000e-01  4.517241e-08  1.000000e+00  
2.135393e+00  3.171152e-01  1.073150e+03  3.329801e-02  6.244871e-02  4.253487e-03  9.000000e-01  2.898594e-08  1.000000e+00  
2.136770e+00  3.171150e-01  1.073150e+03  3.329896e-02  6.245037e-02  4.250944e-03  9.000000e-01  4.160869e-08  1.000000e+00  
2.138148e+00  3.171148e-01  1.073150e+03  3.329955e-02  6.245159e-02  4.249069e-03  9.000000e-01  1.796605e-08  1.000000e+00  
2.139525e+00  3.171152e-01  1.073150e+03  3.329734e-02  6.244793e-02  4.254686e-03  9.000000e-01  2.731261e-07  1.000000e+00  
2.140902e+00  3.171162e-01  1.073150e+03  3.329423e-02  6.244196e-02  4.263845e-03  9.000000e-01  2.005618e-07  1.000000e+00  
2.142280e+00  3.171154e-01  1.073150e+03  3.329808e-02  6.244796e-02  4.254648e-03  9.000000e-01  4.532889e-07  1.000000e+00  
2.143075e+00  3.171144e-01  1.073150e+03  3.330116e-02  6.245431e-02  4.244901e-03  9.000000e-01  1.411546e-07  1.000000e+00  
2.143870e+00  3.171153e-01  1.073150e+03  3.329567e-02  6.244616e-02  4.257407e-03  9.000000e-01  9.989448e-07  1.000000e+00  
2.144328e+00  3.171163e-01  1.073150e+03  3.329363e-02  6.244088e-02  4.265494e-03  9.000000e-01  2.246556e-07  1.000000e+00  
2.144621e+00  3.171164e-01  1.073150e+03  3.329406e-02  6.244104e-02  4.265254e-03  9.000000e-01  1.159796e-07  1.000000e+00  
2.144914e+00  3.171169e-01  1.073150e+03  3.328957e-02  6.243510e-02  4.274355e-03  9.000000e-01  1.207082e-06  1.000000e+00  
2.145095e+00  3.171174e-01  1.073150e+03  3.328924e-02  6.243304e-02  4.277511e-03  9.000000e-01  4.369933e-07  1.000000e+00  
2.145214e+00  3.171175e-01  1.073150e+03  3.329019e-02  6.243369e-02  4.276516e-03  9.000000e-01  1.664709e-07  1.000000e+00  
2.145333e+00  3.171177e-01  1.073150e+03  3.328636e-02  6.242931e-02  4.283232e-03  9.000000e-01  1.327717e-06  1.000000e+00  
2.145410e+00  3.171180e-01  1.073150e+03  3.328677e-02  6.242881e-02  4.284005e-03  9.000000e-01  6.489208e-07  1.000000e+00  
2.145460e+00  3.171180e-01  1.073150e+03  3.328885e-02  6.243067e-02  4.281152e-03  9.000000e-01  4.381122e-07  1.000000e+00  
2.145511e+00  3.171180e-01  1.073150e+03  3.328653e-02  6.242842e-02  4.284602e-03  9.000000e-01  6.849370e-07  1.000000e+00  
2.145545e+00  3.171181e-01  1.073150e+03  3.328623e-02  6.242788e-02  4.285424e-03  9.000000e-01  7.027987e-07  1.000000e+00  
2.145579e+00  3.171181e-01  1.073150e+03  3.328863e-02  6.243008e-02  4.282051e-03  9.000000e-01  5.314810e-07  1.000000e+00  
2.145613e+00  3.171181e-01  1.073150e+03  3.328872e-02  6.243034e-02  4.281651e-03  9.000000e-01  4.822127e-07  1.000000e+00  
2.145647e+00  3.171181e-01  1.073150e+03  3.328668e-02  6.242848e-02  4.284505e-03  9.000000e-01  5.650377e-07  1.000000e+00  
2.145681e+00  3.171181e-01  1.073150e+03  3.328765e-02  6.242933e-02  4.283198e-03  9.000000e-01  5.656889e-08  1.000000e+00  
2.145715e+00  3.171180e-01  1.073150e+03  3.328944e-02  6.243114e-02  4.280434e-03  9.000000e-01  7.750515e-07  1.000000e+00  
2.145749e+00  3.171180e-01  1.073150e+03  3.328642e-02  6.242830e-02  4.284779e-03  9.000000e-01  7.304237e-07  1.000000e+00  
2.145771e+00  3.171181e-01  1.073150e+03  3.328655e-02  6.242827e-02  4.284835e-03  9.000000e-01  5.812650e-07  1.000000e+00  
2.145786e+00  3.171181e-01  1.073150e+03  3.328789e-02  6.242947e-02  4.282985e-03  9.000000e-01  1.106507e-07  1.000000e+00  
2.145801e+00  3.171181e-01  1.073150e+03  3.328795e-02  6.242955e-02  4.282867e-03  9.000000e-01  1.292285e-07  1.000000e+00  
2.145816e+00  3.171181e-01  1.073150e+03  3.328759e-02  6.242925e-02  4.283328e-03  9.000000e-01  6.204437e-08  1.000000e+00  
2.145831e+00  3.171181e-01  1.073150e+03  3.328762e-02  6.242928e-02  4.283282e-03  9.000000e-01  5.611979e-08  1.000000e+00  
2.145846e+00  3.171181e-01  1.073150e+03  3.328777e-02  6.242943e-02  4.283052e-03  9.000000e-01  2.134753e-08  1.000000e+00  
2.145861e+00  3.171181e-01  1.073150e+03  3.328779e-02  6.242945e-02  4.283025e-03  9.000000e-01  2.327344e-08  1.000000e+00  
2.145875e+00  3.171181e-01  1.073150e+03  3.328774e-02  6.242941e-02  4.283079e-03  9.000000e-01  6.363356e-09  1.000000e+00  
2.145890e+00  3.171181e-01  1.073150e+03  3.328774e-02  6.242943e-02  4.283057e-03  9.000000e-01  8.914877e-09  1.000000e+00  
2.145905e+00  3.171181e-01  1.073150e+03  3.328777e-02  6.242946e-02  4.282999e-03  9.000000e-01  1.981436e-09  1.000000e+00  
2.145932e+00  3.171181e-01  1.073150e+03  3.328781e-02  6.242951e-02  4.282926e-03  9.000000e-01  1.028104e-08  1.000000e+00  
2.145959e+00  3.171181e-01  1.073150e+03  3.328781e-02  6.242953e-02  4.282896e-03  9.000000e-01  3.127681e-09  1.000000e+00  
2.145986e+00  3.171181e-01  1.073150e+03  3.328782e-02  6.242956e-02  4.282858e-03  9.000000e-01  1.010215e-09  1.000000e+00  
2.146037e+00  3.171181e-01  1.073150e+03  3.328785e-02  6.242962e-02  4.282767e-03  9.000000e-01  1.646503e-09  1.000000e+00  
2.146134e+00  3.171180e-01  1.073150e+03  3.328792e-02  6.242973e-02  4.282585e-03  9.000000e-01  2.253698e-10  1.000000e+00  
2.146280e+00  3.171180e-01  1.073150e+03  3.328801e-02  6.242991e-02  4.282314e-03  9.000000e-01  2.923105e-10  1.000000e+00  
2.146534e+00  3.171180e-01  1.073150e+03  3.328817e-02  6.243022e-02  4.281846e-03  9.000000e-01  1.447103e-10  1.000000e+00  
2.147773e+00  3.171177e-01  1.073150e+03  3.328896e-02  6.243170e-02  4.279572e-03  9.000000e-01  1.155838e-10  1.000000e+00  
2.151530e+00  3.171171e-01  1.073150e+03  3.329135e-02  6.243617e-02  4.272714e-03  9.000000e-01  7.659849e-13  1.000000e+00  
2.166743e+00  3.171144e-01  1.073150e+03  3.330092e-02  6.245412e-02  4.245194e-03  9.000000e-01  2.239709e-10  1.000000e+00  
2.191797e+00  3.171101e-01  1.073150e+03  3.331636e-02  6.248308e-02  4.200794e-03  9.000000e-01  3.186265e-10  1.000000e+00  
2.231636e+00  3.171033e-01  1.073150e+03  3.334059e-02  6.252852e-02  4.131126e-03  9.000000e-01  9.948120e-10  1.000000e+00  
2.271476e+00  3.170967e-01  1.073150e+03  3.336418e-02  6.257276e-02  4.063295e-03  9.000000e-01  1.013034e-09  1.000000e+00  
2.311315e+00  3.170903e-01  1.073150e+03  3.338690e-02  6.261537e-02  3.997966e-03  9.000000e-01  7.056293e-10  1.000000e+00  
2.374010e+00  3.170808e-01  1.073150e+03  3.342081e-02  6.267898e-02  3.900446e-03  9.000000e-01  1.614556e-10  1.000000e+00  
2.487262e+00  3.170652e-01  1.073150e+03  3.347652e-02  6.278346e-02  3.740252e-03  9.000000e-01  1.038267e-09  1.000000e+00  
2.600515e+00  3.170513e-01  1.073150e+03  3.352600e-02  6.287625e-02  3.597986e-03  9.000000e-01  1.675560e-09  1.000000e+00  
2.713768e+00  3.170388e-01  1.073150e+03  3.357063e-02  6.295996e-02  3.469646e-03  9.000000e-01  1.748878e-09  1.000000e+00  
2.827020e+00  3.170272e-01  1.073150e+03  3.361204e-02  6.303762e-02  3.350574e-03  9.000000e-01  1.038049e-09  1.000000e+00  
2.940273e+00  3.170160e-01  1.073150e+03  3.365176e-02  6.311211e-02  3.236358e-03  9.000000e-01  3.929704e-10  1.000000e+00  
3.055483e+00  3.170054e-01  1.073150e+03  3.368964e-02  6.318314e-02  3.127459e-03  9.000000e-01  5.440116e-11  1.000000e+00  
3.170693e+00  3.169956e-01  1.073150e+03  3.372473e-02  6.324897e-02  3.026535e-03  9.000000e-01  6.220153e-11  1.000000e+00  
3.285904e+00  3.169865e-01  1.073150e+03  3.375729e-02  6.331002e-02  2.932930e-03  9.000000e-01  2.698717e-11  1.000000e+00  
3.459868e+00  3.169739e-01  1.073150e+03  3.380202e-02  6.339391e-02  2.804311e-03  9.000000e-01  8.824785e-11  1.000000e+00  
3.739002e+00  3.169566e-01  1.073150e+03  3.386401e-02  6.351017e-02  2.626051e-03  9.000000e-01  3.395251e-10  1.000000e+00  
4.374264e+00  3.169259e-01  1.073150e+03  3.397366e-02  6.371581e-02  2.310767e-03  9.000000e-01  1.021198e-11  1.000000e+00  
5.009526e+00  3.169032e-01  1.073150e+03  3.405453e-02  6.386749e-02  2.078217e-03  9.000000e-01  6.917287e-11  1.000000e+00  
5.644788e+00  3.168860e-01  1.073150e+03  3.411608e-02  6.398292e-02  1.901236e-03  9.000000e-01  8.418803e-11  1.000000e+00  
6.280050e+00  3.168727e-01  1.073150e+03  3.416333e-02  6.407153e-02  1.765379e-03  9.000000e-01  4.093751e-11  1.000000e+00  
6.915312e+00  3.168626e-01  1.073150e+03  3.419957e-02  6.413950e-02  1.661164e-03  9.000000e-01  8.553460e-11  1.000000e+00  
7.550574e+00  3.168548e-01  1.073150e+03  3.422746e-02  6.419181e-02  1.580956e-03  9.000000e-01  1.704116e-10  1.000000e+00  
8.185836e+00  3.168485e-01  1.073150e+03  3.424978e-02  6.423367e-02  1.516787e-03  9.000000e-01  7.571305e-11  1.000000e+00  
9.233719e+00  3.168408e-01  1.073150e+03  3.427734e-02  6.428536e-02  1.437535e-03  9.000000e-01  9.810604e-11  1.000000e+00  
1.028160e+01  3.168353e-01  1.073150e+03  3.429702e-02  6.432227e-02  1.380946e-03  9.000000e-01  1.292212e-10  1.000000e+00  
1.132949e+01  3.168311e-01  1.073150e+03  3.431199e-02  6.435033e-02  1.337917e-03  9.000000e-01  7.850103e-11  1.000000e+00  
1.237737e+01  3.168279e-01  1.073150e+03  3.432360e-02  6.437211e-02  1.304527e-03  9.000000e-01  6.236523e-11  1.000000e+00  
1.342525e+01  3.168256e-01  1.073150e+03  3.433168e-02  6.438727e-02  1.281283e-03  9.000000e-01  1.779099e-10  1.000000e+00  
1.447314e+01  3.168243e-01  1.073150e+03  3.433654e-02  6.439638e-02  1.267314e-03  9.000000e-01  2.555939e-10  1.000000e+00  
1.552102e+01  3.168231e-01  1.073150e+03  3.434058e-02  6.440395e-02  1.255703e-03  9.000000e-01  7.990469e-11  1.000000e+00  
1.656891e+01  3.168217e-01  1.073150e+03  3.434576e-02  6.441366e-02  1.240818e-03  9.000000e-01  1.266769e-10  1.000000e+00  
1.761679e+01  3.168206e-01  1.073150e+03  3.434972e-02  6.442110e-02  1.229408e-03  9.000000e-01  1.080486e-10  1.000000e+00  
1.866467e+01  3.168208e-01  1.073150e+03  3.434880e-02  6.441938e-02  1.232047e-03  9.000000e-01  5.804977e-10  1.000000e+00  
1.925021e+01  3.168210e-01  1.073150e+03  3.434809e-02  6.441805e-02  1.234096e-03  9.000000e-01  1.932985e-10  1.000000e+00  
1.983574e+01  3.168202e-01  1.073150e+03  3.435112e-02  6.442372e-02  1.225396e-03  9.000000e-01  5.353455e-10  1.000000e+00  
2.018111e+01  3.168196e-01  1.073150e+03  3.435302e-02  6.442729e-02  1.219919e-03  9.000000e-01  1.257953e-11  1.000000e+00  
2.052648e+01  3.168201e-01  1.073150e+03  3.435156e-02  6.442455e-02  1.224132e-03  9.000000e-01  1.061691e-09  1.000000e+00  
2.073798e+01  3.168204e-01  1.073150e+03  3.435038e-02  6.442234e-02  1.227507e-03  9.000000e-01  3.374448e-10  1.000000e+00  
2.094948e+01  3.168199e-01  1.073150e+03  3.435215e-02  6.442566e-02  1.222430e-03  9.000000e-01  1.236598e-09  1.000000e+00  
2.108328e+01  3.168195e-01  1.073150e+03  3.435356e-02  6.442830e-02  1.218369e-03  9.000000e-01  2.310648e-10  1.000000e+00  
2.121707e+01  3.168199e-01  1.073150e+03  3.435225e-02  6.442586e-02  1.222122e-03  9.000000e-01  2.088806e-09  1.000000e+00  
2.135087e+01  3.168203e-01  1.073150e+03  3.435060e-02  6.442274e-02  1.226895e-03  9.000000e-01  7.661883e-10  1.000000e+00  
2.148467e+01  3.168204e-01  1.073150e+03  3.435038e-02  6.442234e-02  1.227511e-03  9.000000e-01  3.693980e-10  1.000000e+00  
2.161847e+01  3.168204e-01  1.073150e+03  3.435027e-02  6.442212e-02  1.227843e-03  9.000000e-01  4.882953e-10  1.000000e+00  
2.175227e+01  3.168209e-01  1.073150e+03  3.434844e-02  6.441869e-02  1.233104e-03  9.000000e-01  2.033548e-09  1.000000e+00  
2.188606e+01  3.168213e-01  1.073150e+03  3.434709e-02  6.441616e-02  1.236984e-03  9.000000e-01  4.788895e-10  1.000000e+00  
2.201986e+01  3.168206e-01  1.073150e+03  3.434978e-02  6.442120e-02  1.229255e-03  9.000000e-01  2.960885e-09  1.000000e+00  
2.209663e+01  3.168200e-01  1.073150e+03  3.435162e-02  6.442466e-02  1.223954e-03  9.000000e-01  6.500778e-10  1.000000e+00  
2.217340e+01  3.168205e-01  1.073150e+03  3.435003e-02  6.442168e-02  1.228524e-03  9.000000e-01  4.298284e-09  1.000000e+00  
2.222043e+01  3.168209e-01  1.073150e+03  3.434867e-02  6.441914e-02  1.232420e-03  9.000000e-01  1.195072e-09  1.000000e+00  
2.226745e+01  3.168204e-01  1.073150e+03  3.435023e-02  6.442204e-02  1.227967e-03  9.000000e-01  5.789961e-09  1.000000e+00  
2.229737e+01  3.168201e-01  1.073150e+03  3.435156e-02  6.442455e-02  1.224119e-03  9.000000e-01  1.523979e-09  1.000000e+00  
2.232728e+01  3.168204e-01  1.073150e+03  3.435026e-02  6.442213e-02  1.227834e-03  9.000000e-01  8.540788e-09  1.000000e+00  
2.235720e+01  3.168209e-01  1.073150e+03  3.434857e-02  6.441896e-02  1.232702e-03  9.000000e-01  3.060858e-09  1.000000e+00  
2.238711e+01  3.168210e-01  1.073150e+03  3.434825e-02  6.441834e-02  1.233644e-03  9.000000e-01  2.007150e-09  1.000000e+00  
2.241703e+01  3.168210e-01  1.073150e+03  3.434807e-02  6.441801e-02  1.234154e-03  9.000000e-01  1.452505e-09  1.000000e+00  
2.244694e+01  3.168215e-01  1.073150e+03  3.434622e-02  6.441456e-02  1.239447e-03  9.000000e-01  8.189021e-09  1.000000e+00  
2.247686e+01  3.168221e-01  1.073150e+03  3.434408e-02  6.441053e-02  1.245621e-03  9.000000e-01  4.784389e-09  1.000000e+00  
2.250677e+01  3.168219e-01  1.073150e+03  3.434499e-02  6.441221e-02  1.243039e-03  9.000000e-01  8.184480e-09  1.000000e+00  
2.252519e+01  3.168216e-01  1.073150e+03  3.434621e-02  6.441451e-02  1.239523e-03  9.000000e-01  2.819394e-09  1.000000e+00  
2.254361e+01  3.168219e-01  1.073150e+03  3.434497e-02  6.441221e-02  1.243051e-03  9.000000e-01  1.327881e-08  1.000000e+00  
2.256204e+01  3.168224e-01  1.073150e+03  3.434333e-02  6.440913e-02  1.247768e-03  9.000000e-01  5.042602e-09  1.000000e+00  
2.258046e+01  3.168224e-01  1.073150e+03  3.434300e-02  6.440850e-02  1.248740e-03  9.000000e-01  3.094519e-09  1.000000e+00  
2.259888e+01  3.168225e-01  1.073150e+03  3.434285e-02  6.440822e-02  1.249164e-03  9.000000e-01  1.951610e-09  1.000000e+00  
2.261730e+01  3.168230e-01  1.073150e+03  3.434114e-02  6.440502e-02  1.254067e-03  9.000000e-01  1.236861e-08  1.000000e+00  
2.263572e+01  3.168235e-01  1.073150e+03  3.433912e-02  6.440123e-02  1.259878e-03  9.000000e-01  7.387993e-09  1.000000e+00  
2.265414e+01  3.168233e-01  1.073150e+03  3.433994e-02  6.440273e-02  1.257573e-03  9.000000e-01  1.225020e-08  1.000000e+00  
2.267256e+01  3.168224e-01  1.073150e+03  3.434325e-02  6.440893e-02  1.248067e-03  9.000000e-01  1.707040e-08  1.000000e+00  
2.269098e+01  3.168220e-01  1.073150e+03  3.434476e-02  6.441180e-02  1.243671e-03  9.000000e-01  3.254606e-09  1.000000e+00  
2.270941e+01  3.168227e-01  1.073150e+03  3.434213e-02  6.440691e-02  1.251178e-03  9.000000e-01  2.172124e-08  1.000000e+00  
2.272028e+01  3.168230e-01  1.073150e+03  3.434088e-02  6.440453e-02  1.254827e-03  9.000000e-01  1.801665e-10  1.000000e+00  
2.273115e+01  3.168232e-01  1.073150e+03  3.434047e-02  6.440376e-02  1.256007e-03  9.000000e-01  7.558833e-11  1.000000e+00  
2.274202e+01  3.168232e-01  1.073150e+03  3.434043e-02  6.440368e-02  1.256128e-03  9.000000e-01  5.909425e-10  1.000000e+00  
2.275289e+01  3.168231e-01  1.073150e+03  3.434051e-02  6.440383e-02  1.255897e-03  9.000000e-01  3.188932e-11  1.000000e+00  
2.276376e+01  3.168231e-01  1.073150e+03  3.434059e-02  6.440398e-02  1.255658e-03  9.000000e-01  1.054008e-10  1.000000e+00  
2.278157e+01  3.168231e-01  1.073150e+03  3.434070e-02  6.440417e-02  1.255367e-03  9.000000e-01  1.488349e-10  1.000000e+00  
2.280956e+01  3.168231e-01  1.073150e+03  3.434083e-02  6.440442e-02  1.254983e-03  9.000000e-01  1.370651e-10  1.000000e+00  
2.285400e+01  3.168230e-01  1.073150e+03  3.434102e-02  6.440478e-02  1.254430e-03  9.000000e-01  1.290020e-10  1.000000e+00  
2.295212e+01  3.168229e-01  1.073150e+03  3.434139e-02  6.440548e-02  1.253364e-03  9.000000e-01  1.219140e-10  1.000000e+00  
2.393324e+01  3.168221e-01  1.073150e+03  3.434440e-02  6.441112e-02  1.244716e-03  9.000000e-01  1.137667e-10  1.000000e+00  
2.491436e+01  3.168214e-01  1.073150e+03  3.434676e-02  6.441554e-02  1.237936e-03  9.000000e-01  1.149548e-10  1.000000e+00  
2.589548e+01  3.168208e-01  1.073150e+03  3.434872e-02  6.441922e-02  1.232290e-03  9.000000e-01  1.054899e-10  1.000000e+00  
2.687660e+01  3.168204e-01  1.073150e+03  3.435028e-02  6.442215e-02  1.227810e-03  9.000000e-01  1.048221e-10  1.000000e+00  
2.785772e+01  3.168201e-01  1.073150e+03  3.435148e-02  6.442440e-02  1.224350e-03  9.000000e-01  1.074226e-10  1.000000e+00  
2.966297e+01  3.168196e-01  1.073150e+03  3.435322e-02  6.442766e-02  1.219357e-03  9.000000e-01  1.039399e-10  1.000000e+00  
3.146822e+01  3.168193e-01  1.073150e+03  3.435427e-02  6.442963e-02  1.216341e-03  9.000000e-01  1.168132e-10  1.000000e+00  
3.327346e+01  3.168192e-01  1.073150e+03  3.435470e-02  6.443044e-02  1.215088e-03  9.000000e-01  1.256160e-10  1.000000e+00  
3.673601e+01  3.168191e-01  1.073150e+03  3.435487e-02  6.443076e-02  1.214611e-03  9.000000e-01  1.387599e-10  1.000000e+00  
4.019855e+01  3.168192e-01  1.073150e+03  3.435446e-02  6.442999e-02  1.215777e-03  9.000000e-01  1.516522e-10  1.000000e+00  
4.366110e+01  3.168193e-01  1.073150e+03  3.435410e-02  6.442932e-02  1.216814e-03  9.000000e-01  1.512998e-10  1.000000e+00  
4.712364e+01  3.168193e-01  1.073150e+03  3.435414e-02  6.442938e-02  1.216720e-03  9.000000e-01  1.390276e-10  1.000000e+00  
5.058619e+01  3.168192e-01  1.073150e+03  3.435455e-02  6.443017e-02  1.215514e-03  9.000000e-01  1.232028e-10  1.000000e+00  
5.697905e+01  3.168191e-01  1.073150e+03  3.435496e-02  6.443093e-02  1.214348e-03  9.000000e-01  1.239105e-10  1.000000e+00  
6.337191e+01  3.168190e-01  1.073150e+03  3.435514e-02  6.443127e-02  1.213820e-03  9.000000e-01  1.236961e-10  1.000000e+00  
